0 0.608437 
0 0.939922 
0 0.747728 
0 1.00529 
0 0.734558 
0 1.55864 
0 0.643665 
0 1.41536 
0 0.120265 
0 1.92883 
0 1.1913 
0 0.85472 
0 0.410087 
0 0.748811 
0 1.62407 
0 1.95841 
0 1.11174 
0 0.22285 
0 2.52169 
0 0.973615 
0 0.497632 
0 1.07073 
0 1.83594 
0 0.713978 
0 1.46902 
0 0.425504 
0 1.16049 
0 2.03698 
0 2.34051 
0 3.05784 
0 0.781971 
0 1.642 
0 2.91376 
0 1.04695 
0 1.95688 
0 0.180583 
0 3.75747 
0 2.34595 
0 1.83204 
0 0.597129 
0 2.33407 
0 2.24784 
0 1.2009 
0 0.983641 
0 1.28906 
0 1.56033 
0 0.0514957 
0 0.484447 
0 2.4756 
0 1.6216 
0 2.33109 
0 0.609429 
0 1.37718 
0 1.10893 
0 1.25448 
0 1.95321 
0 2.03913 
0 0.503203 
0 1.26932 
0 2.97189 
0 1.43427 
0 1.35105 
0 2.12068 
0 0.175979 
0 0.759634 
0 2.19342 
0 3.02465 
0 0.606814 
0 1.60811 
0 1.22059 
0 0.977765 
0 1.71833 
0 1.10771 
0 0.5452 
0 2.18269 
0 3.42661 
0 3.27606 
0 1.62358 
0 1.41893 
0 2.16243 
0 0.865269 
0 1.23951 
0 1.02746 
0 1.07495 
0 0.716278 
0 2.09643 
0 0.703933 
0 2.35351 
0 0.44193 
0 0.681621 
0 3.19977 
0 1.33242 
0 1.49025 
0 1.28683 
0 2.35757 
0 0.722755 
0 -0.281831 
0 0.902284 
0 3.74383 
0 0.385886 
0 2.04016 
0 1.60402 
0 0.355646 
0 1.14386 
0 2.16849 
0 2.30722 
0 2.96447 
0 0.118171 
0 1.12805 
0 1.93811 
0 1.23074 
0 1.53137 
0 0.658728 
0 1.85006 
0 1.02241 
0 1.57757 
0 1.02222 
0 2.04021 
0 2.10943 
0 3.00273 
0 0.182129 
0 0.488946 
0 2.16076 
0 0.616053 
0 2.10202 
0 2.27843 
0 1.45062 
0 5.31772 
0 2.01345 
0 2.04819 
0 0.902589 
0 1.66667 
0 0.256051 
0 1.60842 
0 0.709891 
0 1.39624 
0 1.71749 
0 0.30701 
0 0.740612 
0 3.97436 
0 0.0295102 
0 0.893892 
0 1.8227 
0 1.47628 
0 2.1011 
0 3.08845 
0 1.01247 
0 2.32421 
0 1.68146 
0 1.05297 
0 1.09484 
0 0.553034 
0 2.18233 
0 0.775082 
0 0.605729 
0 2.9088 
0 2.51551 
0 1.04614 
0 3.82222 
0 -0.171838 
0 1.75048 
0 1.50581 
0 0.74093 
0 1.38738 
0 0.947436 
0 0.551997 
0 2.06951 
0 3.03645 
0 1.13883 
0 2.72451 
0 3.2002 
0 0.337789 
0 0.100368 
0 0.941936 
0 3.33188 
0 2.44385 
0 -0.032126 
0 -0.345451 
0 0.254599 
0 0.0892303 
0 0.934832 
0 0.0950564 
0 2.31995 
0 0.929847 
0 0.929523 
0 1.37985 
0 1.72493 
0 2.30527 
0 1.07682 
0 1.60453 
0 2.44435 
0 1.53153 
0 0.350392 
0 0.61987 
0 0.877563 
0 3.19451 
0 0.828477 
0 1.13193 
0 2.01961 
0 0.296062 
0 0.478966 
0 2.37713 
0 1.62582 
0 -0.12207 
0 0.829198 
0 0.444665 
0 0.861491 
0 0.381128 
0 1.19464 
0 1.62657 
0 0.560607 
0 1.64525 
0 1.53131 
0 2.53 
0 0.876366 
0 0.381779 
0 4.72668 
0 1.00404 
0 1.0469 
0 0.68337 
0 0.320586 
0 1.37507 
0 0.633482 
0 -1.22823 
0 2.09851 
0 1.37512 
0 1.76528 
0 0.890322 
0 0.829264 
0 0.762584 
0 0.583645 
0 1.54422 
0 1.97653 
0 2.70147 
0 4.17832 
0 2.29916 
0 1.39288 
0 1.43248 
0 1.09631 
0 1.19623 
0 0.829979 
0 0.420804 
0 1.41208 
0 1.20565 
0 2.43881 
0 0.854131 
0 1.69286 
0 0.134139 
0 -0.00338539 
0 1.86259 
0 1.44933 
0 0.932978 
0 0.798945 
0 1.19523 
0 0.550357 
0 1.43128 
0 0.923192 
0 0.668914 
0 2.27824 
0 -0.729645 
0 -0.906244 
0 0.359189 
0 1.46663 
0 0.252062 
0 0.79596 
0 3.75079 
0 1.67957 
0 3.12659 
0 0.130929 
0 1.63963 
0 0.80759 
0 1.94959 
0 1.40783 
0 1.16889 
0 2.01057 
0 1.19996 
0 1.29723 
0 1.76008 
0 2.08092 
0 0.36461 
0 0.693798 
0 0.367356 
0 2.2024 
0 1.2971 
0 -0.115728 
0 2.88979 
0 0.872765 
0 0.997573 
0 0.658333 
0 1.16089 
0 0.403937 
0 0.51501 
0 0.849527 
0 3.54022 
0 2.73013 
0 1.73502 
0 2.79881 
0 3.13069 
0 -0.537436 
0 2.38608 
0 0.500996 
0 1.70343 
0 -0.235708 
0 1.88194 
0 3.5484 
0 2.3601 
0 0.816196 
0 0.987803 
0 2.00456 
0 0.96598 
0 1.5951 
0 0.081674 
0 -0.145249 
0 3.13377 
0 1.0601 
0 1.423 
0 1.91966 
0 1.97023 
0 4.34355 
0 1.61718 
0 3.50976 
0 1.43616 
0 0.340019 
0 1.1145 
0 2.4213 
0 1.48312 
0 0.887779 
0 1.38717 
0 2.12307 
0 2.23474 
0 -1.31263 
0 0.523867 
0 3.21019 
0 1.45841 
0 0.374735 
0 1.74333 
0 1.85115 
0 0.71063 
0 3.20521 
0 4.45921 
0 1.13943 
0 0.976115 
0 1.27301 
0 0.904949 
0 1.55724 
0 2.39765 
0 1.75238 
0 1.33879 
0 1.25928 
0 1.0334 
0 -1.06521 
0 -0.222539 
0 2.24487 
0 0.136934 
0 0.139407 
0 1.984 
0 1.51281 
0 0.161309 
0 2.11591 
0 0.853901 
0 2.06413 
0 0.531019 
0 1.45421 
0 0.879921 
0 1.02295 
0 1.67469 
0 0.282379 
0 0.843624 
0 0.995606 
0 1.93109 
0 1.20722 
0 1.51674 
0 3.35303 
0 3.61895 
0 2.25674 
0 1.65248 
0 4.11347 
0 0.826799 
0 0.956735 
0 0.627531 
0 0.345237 
0 0.252416 
0 0.978202 
0 0.817317 
0 0.947641 
0 2.7018 
0 1.68497 
0 2.2352 
0 0.448554 
0 1.90457 
0 1.22649 
0 0.789411 
0 2.14973 
0 1.98186 
0 -0.237958 
0 2.19757 
0 2.84091 
0 0.699857 
0 -0.900521 
0 2.46204 
0 0.738797 
0 0.847507 
0 1.41873 
0 0.962081 
0 0.268816 
0 2.76751 
0 1.10134 
0 4.14027 
0 -1.55442 
0 0.276039 
0 0.801357 
0 2.07722 
0 0.428746 
0 2.30595 
0 0.904897 
0 3.74065 
0 2.25573 
0 1.4667 
0 4.46994 
0 0.53468 
0 -0.159787 
0 -0.0430506 
0 0.361385 
0 -1.05637 
0 1.71945 
0 0.362581 
0 0.954454 
0 1.98228 
0 2.32776 
0 2.1431 
0 -0.368076 
0 2.48099 
0 -1.15499 
0 2.46428 
0 1.15929 
0 0.414222 
0 1.04682 
0 0.940482 
0 1.86196 
0 1.70303 
0 1.36834 
0 1.73733 
0 2.22358 
0 1.97456 
0 0.545868 
0 0.359505 
0 1.16782 
0 1.16339 
0 1.61916 
0 0.993639 
0 1.34834 
0 -0.272686 
0 0.986192 
0 0.879923 
0 4.47556 
0 0.450207 
0 1.44948 
0 0.636169 
0 1.21271 
0 1.82468 
0 1.63495 
0 1.75364 
0 4.16787 
0 2.03792 
0 0.0634696 
0 1.74098 
0 0.472783 
0 1.95883 
0 1.94231 
0 0.503684 
0 3.29172 
0 2.32725 
0 0.757428 
0 0.671901 
0 0.537429 
0 1.59536 
0 1.04224 
0 0.745212 
0 1.12833 
0 0.573052 
0 0.340005 
0 -0.0487648 
0 -0.153304 
0 0.733109 
0 1.97297 
0 0.235153 
0 2.32327 
0 1.6816 
0 0.643467 
0 0.826672 
0 1.71471 
0 2.59288 
0 2.29723 
0 0.0525492 
0 1.1075 
0 0.346247 
0 0.783729 
0 0.896261 
0 0.850797 
0 1.02264 
0 2.82651 
0 -0.481797 
0 2.1236 
0 1.23319 
0 0.0342765 
0 0.796662 
0 2.55877 
0 1.57809 
0 3.43462 
0 1.10197 
0 4.13713 
0 1.91406 
0 0.51518 
0 4.07492 
0 2.63809 
0 -1.27999 
0 -0.241474 
0 1.20042 
0 2.74532 
0 2.72612 
0 2.20789 
0 1.37726 
0 0.294274 
0 1.91566 
0 0.731137 
0 1.13429 
0 0.899803 
0 1.3094 
0 1.03121 
0 1.96975 
0 0.962151 
0 1.99891 
0 2.21503 
0 1.98545 
0 1.2032 
0 0.755279 
0 1.31517 
0 2.05663 
0 3.35061 
0 0.583949 
0 -0.20969 
0 0.605773 
0 0.882712 
0 0.271999 
0 0.931626 
0 1.00809 
0 1.64057 
0 2.25032 
0 0.966085 
0 0.514626 
0 1.82878 
0 0.958166 
0 1.20884 
0 0.831097 
0 1.43349 
0 2.91544 
0 0.153976 
0 0.491112 
0 0.869836 
0 1.68764 
0 2.47342 
0 1.19427 
0 0.984712 
0 0.429644 
0 1.94777 
0 1.81407 
0 2.31814 
0 0.97081 
0 1.24688 
0 0.85888 
0 2.87476 
0 1.04008 
0 2.06803 
0 2.78478 
0 1.27529 
0 2.74657 
0 0.34079 
0 3.80655 
0 1.92218 
0 2.12719 
0 0.662128 
0 -0.355756 
0 0.923627 
0 0.572666 
0 1.49778 
0 1.70834 
0 0.793103 
0 1.46748 
0 1.31753 
0 1.46154 
0 1.04088 
0 1.93101 
0 1.30313 
0 2.10955 
0 2.48475 
0 0.207079 
0 0.330204 
0 1.71777 
0 0.709863 
0 0.75306 
0 1.83268 
0 1.01473 
0 0.486124 
0 1.92707 
0 1.76547 
0 1.08228 
0 2.22958 
0 1.39282 
0 0.733606 
0 2.44979 
0 1.80484 
0 4.38987 
0 1.14563 
0 1.38088 
0 0.54722 
0 0.67477 
0 0.985897 
0 0.859697 
0 0.913805 
0 1.61413 
0 1.69364 
0 0.984525 
0 3.09396 
0 0.829593 
0 1.51035 
0 2.12938 
0 1.11593 
0 0.636923 
0 0.616281 
0 1.04809 
0 2.82777 
0 2.08223 
0 2.53055 
0 0.792727 
0 0.993872 
0 0.959739 
0 0.945551 
0 1.25944 
0 2.77264 
0 1.85807 
0 4.08716 
0 1.82934 
0 2.02031 
0 2.24816 
0 1.77684 
0 2.89874 
0 4.2602 
0 0.465791 
0 0.715657 
0 4.21215 
0 3.96087 
0 1.49705 
0 1.13118 
0 0.523904 
0 0.297022 
0 0.782181 
0 4.17452 
0 2.29223 
0 2.02853 
0 0.88575 
0 2.3002 
0 1.21509 
0 1.37493 
0 1.8391 
0 2.54624 
0 1.11539 
0 2.06925 
0 -0.0940565 
0 1.06081 
0 2.01236 
0 2.10261 
0 1.62773 
0 -0.350676 
0 2.08747 
0 2.80225 
0 0.91223 
0 1.75002 
0 0.523448 
0 1.99051 
0 0.647669 
0 1.91367 
0 0.818108 
0 1.53412 
0 0.333467 
0 0.716026 
0 2.41797 
0 1.81531 
0 0.628034 
0 2.5256 
0 1.71088 
0 1.6897 
0 2.80169 
0 2.41464 
0 2.62152 
0 0.548425 
0 0.276558 
0 1.56418 
0 0.650435 
0 2.43784 
0 0.683054 
0 2.27618 
0 -0.276573 
0 0.118194 
0 2.39581 
0 2.05755 
0 1.12345 
0 2.10183 
0 1.65806 
0 2.48608 
0 1.34744 
0 0.476126 
0 4.04509 
0 1.78096 
0 1.30754 
0 0.899217 
0 1.2524 
0 2.59012 
0 0.177446 
0 1.25175 
0 0.326428 
0 2.58519 
0 0.591367 
0 1.92444 
0 1.18664 
0 0.798034 
0 0.258647 
0 0.192466 
0 3.52467 
0 1.00765 
0 0.1472 
0 1.75301 
0 2.42032 
0 1.20473 
0 1.69589 
0 0.827024 
0 1.80879 
0 0.818579 
0 3.11958 
0 0.583532 
0 1.52182 
0 1.28359 
0 2.61328 
0 1.65889 
0 1.46947 
0 1.60054 
0 1.3683 
0 1.96639 
0 1.01248 
0 -3.04249 
0 1.59543 
0 1.42557 
0 2.49277 
0 1.10959 
0 2.36821 
0 0.226585 
0 2.43463 
0 -0.107111 
0 3.38703 
0 0.704459 
0 1.33458 
0 3.25428 
0 0.288506 
0 -0.332995 
0 0.704052 
0 1.87862 
0 0.527469 
0 0.599062 
0 1.46148 
0 1.62379 
0 0.966413 
0 -0.133111 
0 2.58437 
0 2.12539 
0 0.551923 
0 0.956545 
0 1.71419 
0 1.17306 
0 0.563005 
0 1.14632 
0 1.76406 
0 0.655276 
0 1.63587 
0 1.34196 
0 2.73782 
0 1.87369 
0 -0.0528807 
0 2.28898 
0 -0.140934 
0 1.72891 
0 1.05011 
0 0.432396 
0 0.52502 
0 0.391281 
0 0.399332 
0 2.96673 
0 0.142428 
0 2.76104 
0 0.682554 
0 0.980146 
0 2.25531 
0 0.12869 
0 2.71382 
0 1.27894 
0 0.516496 
0 -0.452064 
0 0.710568 
0 1.44527 
0 -0.0152879 
0 1.26099 
0 1.66591 
0 1.37454 
0 0.688446 
0 -0.046343 
0 1.2586 
0 0.81903 
0 1.80882 
0 0.929519 
0 2.15722 
0 3.38108 
0 1.12981 
0 2.41693 
0 1.53244 
0 1.25872 
0 1.47051 
0 0.569539 
0 0.437629 
0 0.188591 
0 0.852855 
0 1.23141 
0 1.03557 
0 1.06509 
0 2.9625 
0 0.314513 
0 0.508302 
0 1.9743 
0 1.36486 
0 0.212084 
0 2.05355 
0 1.10985 
0 1.75281 
0 2.31572 
0 1.02576 
0 0.589558 
0 0.0569952 
0 0.989028 
0 1.29335 
0 0.711582 
0 0.150668 
0 1.04224 
0 0.792762 
0 1.37201 
0 2.97015 
0 3.31637 
0 1.0354 
0 0.9573 
0 1.74624 
0 -0.296983 
0 0.55581 
0 1.68493 
0 0.775759 
0 1.15391 
0 1.00584 
0 1.50825 
0 1.08873 
0 -0.74569 
0 0.556596 
0 2.31675 
0 -1.06805 
0 2.69924 
0 0.0630103 
0 1.36387 
0 0.859672 
0 0.6245 
0 1.24911 
0 0.411046 
0 -0.892562 
0 1.12537 
0 -0.0311041 
0 1.40811 
0 1.05233 
0 1.45186 
0 1.68951 
0 1.46035 
0 1.03876 
0 4.94236 
0 1.16049 
0 2.75457 
0 1.79265 
0 1.52192 
0 1.04409 
0 1.33991 
0 0.393178 
0 1.42257 
0 1.76866 
0 0.573437 
0 1.05525 
0 1.21429 
0 0.717714 
0 1.62284 
0 3.05624 
0 2.09409 
0 2.11778 
0 0.776293 
0 4.01672 
0 1.31276 
0 1.35396 
0 0.588387 
0 1.26074 
0 1.29905 
0 1.61573 
0 1.12961 
0 1.32137 
0 1.08118 
0 0.979452 
0 2.63286 
0 0.258079 
0 2.42602 
0 0.176367 
0 1.03155 
0 0.773547 
0 1.69299 
0 1.84089 
0 1.53475 
0 0.733732 
0 1.37629 
0 -0.0794099 
0 2.31216 
0 1.33338 
0 2.74498 
0 0.534271 
0 2.76775 
0 1.29807 
0 0.826903 
0 4.02774 
0 2.93884 
0 1.48672 
0 0.628331 
0 1.91869 
0 0.590955 
0 -0.183956 
0 0.798025 
0 2.44875 
0 0.95018 
0 -0.487541 
0 2.12947 
0 1.3878 
0 0.814107 
0 2.09202 
0 2.62219 
0 0.791129 
0 1.65984 
0 1.89255 
0 2.02384 
0 3.06201 
0 2.24327 
0 2.62613 
0 2.87993 
0 0.868443 
0 1.4343 
0 2.3647 
0 -1.81825 
0 1.76319 
0 -0.879498 
0 -0.0472395 
0 0.745276 
0 0.8184 
0 0.424792 
0 0.491686 
0 1.49705 
0 0.540213 
0 0.285041 
0 2.1189 
0 1.59404 
0 2.07554 
0 1.3252 
0 0.689751 
0 0.902861 
0 0.764758 
0 1.36313 
0 2.10039 
0 1.17707 
0 0.0355273 
0 2.12324 
0 0.616602 
0 1.94885 
0 2.28729 
0 0.534936 
0 4.24173 
0 0.613906 
0 1.59575 
0 2.27445 
0 0.128609 
0 1.58795 
0 1.41744 
0 1.08365 
0 2.11567 
0 3.18683 
0 1.14152 
0 0.746425 
0 0.0970183 
0 0.277121 
0 1.60624 
0 4.36145 
0 2.21806 
0 2.34809 
0 0.670439 
0 0.327557 
0 2.82103 
0 0.561646 
0 1.56473 
0 1.43098 
0 0.404298 
0 1.06151 
0 1.8831 
0 2.42168 
0 1.70919 
0 1.34676 
0 2.20126 
0 1.58249 
0 1.90438 
0 0.334917 
0 2.16113 
0 1.75733 
0 2.22173 
0 1.05129 
0 0.398723 
0 0.124234 
0 3.80745 
0 1.73001 
0 1.02306 
0 2.26566 
0 2.59745 
0 1.75916 
0 0.223776 
0 2.1526 
0 2.12863 
0 1.3239 
0 1.69894 
0 2.65117 
0 4.27219 
0 -0.359636 
0 2.5605 
0 2.93583 
0 1.6994 
0 0.223254 
0 0.441595 
0 0.0880219 
0 0.500264 
0 0.521892 
0 1.81235 
0 -0.276713 
0 0.548357 
0 0.0723344 
0 0.0152675 
0 1.32446 
0 2.0434 
0 2.24193 
0 1.24856 
0 0.889281 
0 1.31945 
0 3.38121 
0 0.269935 
0 2.56887 
0 1.00565 
0 3.14935 
0 1.96556 
0 0.84578 
0 2.73365 
0 2.71353 
0 1.88089 
0 1.79298 
0 1.01197 
0 1.14369 
0 3.65261 
0 0.0638746 
0 3.36386 
0 1.35595 
0 3.19396 
0 1.44972 
0 2.53726 
0 1.0206 
0 -0.218503 
0 2.42639 
0 1.24554 
0 1.50328 
0 1.14865 
0 0.0323791 
0 1.74472 
0 2.9529 
0 1.34779 
0 -0.146578 
0 3.15542 
0 2.02602 
0 0.156071 
0 1.87714 
0 0.662611 
0 3.11369 
0 1.26804 
0 1.50954 
0 3.24958 
0 2.67342 
0 1.26006 
0 2.85481 
0 0.67358 
0 3.01616 
0 0.649855 
0 1.11261 
0 1.3007 
0 0.400948 
0 2.08757 
0 3.3688 
0 2.98065 
0 3.68558 
0 0.937246 
0 1.41399 
0 2.47063 
0 2.59546 
0 0.293134 
0 1.24793 
0 2.40303 
0 1.58664 
0 2.46187 
0 1.57281 
0 1.27093 
0 2.47297 
0 4.50565 
0 1.94916 
0 4.51451 
0 2.44536 
0 0.885317 
0 1.04301 
0 2.12443 
0 0.0846002 
0 4.22231 
0 -0.287659 
0 1.14154 
0 1.07407 
0 2.46224 
0 2.87925 
0 0.345284 
0 3.7941 
0 2.3286 
0 1.13092 
0 2.33201 
0 2.8969 
0 2.20592 
0 1.30409 
0 0.243279 
0 6.27992 
0 3.23328 
0 2.89449 
0 1.74792 
0 2.37104 
0 4.42432 
0 1.57886 
0 3.16415 
0 1.88728 
0 0.921749 
0 2.12422 
0 0.802773 
0 1.16318 
0 0.408922 
0 2.74651 
0 4.95189 
0 1.44537 
0 4.94195 
0 1.21068 
0 1.36851 
0 0.600989 
0 1.32852 
0 2.84309 
0 -0.347926 
0 4.83919 
0 0.820727 
0 0.473393 
0 0.905216 
0 0.700074 
0 0.587317 
0 2.81206 
0 0.65158 
0 1.13648 
0 0.591803 
0 1.42734 
0 0.589561 
0 2.26833 
0 0.79863 
0 0.0152125 
0 0.907444 
0 0.466351 
0 0.808629 
0 1.05451 
0 2.21658 
0 2.00566 
0 0.0345659 
0 0.241096 
0 2.69058 
0 2.09929 
0 0.407814 
0 0.112794 
0 0.752195 
0 2.50422 
0 2.23262 
0 0.467877 
0 1.61063 
0 0.96794 
0 0.137829 
0 0.458867 
0 2.58155 
0 0.778582 
0 0.59547 
0 0.560501 
0 0.991611 
0 0.630117 
0 3.7633 
0 -0.389291 
0 -0.892078 
0 -0.0928698 
0 2.38849 
0 1.43837 
0 1.69291 
0 0.818413 
0 0.393138 
0 -1.53784 
0 0.231065 
0 0.383519 
0 1.14254 
0 1.32173 
0 1.48113 
0 1.83472 
0 1.32504 
0 1.20134 
0 2.41437 
0 1.33191 
0 0.516463 
0 0.953224 
0 1.1143 
0 2.53838 
0 3.05805 
0 2.86089 
0 1.58519 
0 2.0195 
0 1.88725 
0 2.03902 
0 1.98709 
0 2.21246 
0 1.73577 
0 1.22341 
0 1.60964 
0 1.0892 
0 0.805716 
0 0.459026 
0 1.85952 
0 1.88373 
0 0.484638 
0 1.12048 
0 0.996526 
0 0.807637 
0 0.341752 
0 1.23087 
0 2.62232 
0 0.10499 
0 2.21011 
0 1.23355 
0 0.794904 
0 0.390889 
0 0.517378 
0 3.53132 
0 -1.74886 
0 2.42834 
0 0.239426 
0 1.23683 
0 1.31466 
0 0.603022 
0 3.33063 
0 2.82012 
0 1.76775 
0 2.25891 
0 -0.138527 
0 0.631681 
0 0.554164 
0 1.46699 
0 1.0997 
0 3.409 
0 1.78971 
0 0.984678 
0 -0.0903149 
0 0.416542 
0 1.14991 
0 1.20869 
0 1.09064 
0 0.889513 
0 4.27129 
0 0.496563 
0 1.10635 
0 3.05773 
0 2.072 
0 1.57185 
0 0.827328 
0 0.805639 
0 1.65992 
0 0.0643634 
0 0.68598 
0 2.58029 
0 1.88419 
0 2.72772 
0 0.805306 
0 2.26578 
0 1.81098 
0 1.37302 
0 0.698417 
0 0.173951 
0 0.387786 
0 1.34681 
0 0.139249 
0 1.08558 
0 -1.24103 
0 1.45207 
0 0.864739 
0 1.3646 
0 2.348 
0 0.404623 
0 1.14771 
0 0.49296 
0 2.20573 
0 0.93847 
0 1.81669 
0 2.77547 
0 0.154525 
0 3.43533 
0 2.38037 
0 2.90467 
0 1.01564 
0 0.11122 
0 1.26151 
0 1.84307 
0 1.09451 
0 1.01822 
0 2.19565 
0 1.40023 
0 1.48321 
0 2.76722 
0 0.320057 
0 1.84148 
0 1.61819 
0 1.19781 
0 0.956059 
0 1.80565 
0 0.805048 
0 0.113004 
0 2.28952 
0 1.67003 
0 1.4929 
0 2.33959 
0 0.764786 
0 0.68156 
0 0.728148 
0 2.38057 
0 1.03514 
0 2.16734 
0 1.16856 
0 2.43205 
0 1.1011 
0 1.93415 
0 1.11372 
0 0.410165 
0 1.96827 
0 1.01082 
0 -0.437923 
0 1.74294 
0 -1.66998 
0 0.171202 
0 2.73398 
0 0.649395 
0 0.419942 
0 1.8528 
0 1.0321 
0 1.65403 
0 0.773985 
0 2.25265 
0 2.26585 
0 0.993724 
0 1.76486 
0 0.879162 
0 1.48177 
0 2.83512 
0 0.413892 
0 0.148176 
0 3.13621 
0 0.864948 
0 1.42065 
0 1.29249 
0 1.19795 
0 2.9149 
0 1.87323 
0 -0.14706 
0 1.14386 
0 1.25658 
0 1.13706 
0 0.728169 
0 2.3927 
0 0.930225 
0 1.46247 
0 1.41157 
0 0.851376 
0 -0.164049 
0 0.722509 
0 1.68926 
0 1.13846 
0 0.371721 
0 0.943456 
0 0.728081 
0 0.781907 
0 1.1161 
0 0.298104 
0 1.39181 
0 2.02682 
0 0.653707 
0 0.928347 
0 1.71836 
0 1.18451 
0 1.39379 
0 0.752653 
0 2.01245 
0 0.936027 
0 0.750216 
0 2.61743 
0 0.361677 
0 -0.682136 
0 1.68909 
0 2.98014 
0 2.0386 
0 0.638828 
0 1.71229 
0 2.35282 
0 0.716945 
0 1.19787 
0 1.48036 
0 1.13273 
0 -0.829869 
0 1.61043 
0 0.891719 
0 0.817077 
0 2.0173 
0 1.25481 
0 0.736024 
0 2.21267 
0 2.03173 
0 1.47484 
0 0.77437 
0 -0.213304 
0 2.4164 
0 1.26306 
0 1.19791 
0 0.575612 
0 3.81291 
0 0.555683 
0 0.828647 
0 2.12367 
0 0.742997 
0 0.881402 
0 0.946 
0 1.26667 
0 1.65148 
0 0.776645 
0 3.16102 
0 1.65901 
0 0.122853 
0 2.32087 
0 1.57919 
0 3.38718 
0 3.85937 
0 -0.581027 
0 0.472866 
0 1.33761 
0 1.74666 
0 3.39451 
0 1.63282 
0 1.37499 
0 1.42188 
0 1.42523 
0 2.03047 
0 1.30619 
0 0.737857 
0 1.31188 
0 1.13038 
0 1.09198 
0 1.32799 
0 1.33241 
0 3.91785 
0 1.52471 
0 1.41363 
0 0.869925 
0 3.02841 
0 1.73106 
0 1.55914 
0 3.58506 
0 1.25207 
0 0.460685 
0 2.04403 
0 1.88132 
0 2.51568 
0 3.1052 
0 2.82004 
0 0.929732 
0 2.12111 
0 0.546776 
0 1.58164 
0 2.41481 
0 2.34274 
0 2.81757 
0 0.600077 
0 1.87274 
0 2.45113 
0 3.78847 
0 0.583305 
0 1.11499 
0 3.9832 
0 2.09091 
0 0.84838 
0 1.49507 
0 2.9386 
0 4.37316 
0 2.45257 
0 1.99287 
0 2.16475 
0 1.49263 
0 0.673625 
0 0.923822 
0 1.00155 
0 1.06407 
0 1.28599 
0 1.93569 
0 0.257443 
0 0.88973 
0 1.14639 
0 2.44864 
0 1.64951 
0 1.40587 
0 1.69864 
0 1.28086 
0 0.519461 
0 1.15962 
0 2.89231 
0 2.60557 
0 3.61201 
0 2.07027 
0 0.785786 
0 1.17136 
0 1.08154 
0 1.85585 
0 1.17048 
0 0.877992 
0 -0.143161 
0 2.21645 
0 0.840471 
0 1.49226 
0 0.466571 
0 2.10914 
0 1.64567 
0 0.516431 
0 2.01802 
0 -0.519119 
0 2.01965 
0 1.52203 
0 0.683766 
0 -0.452672 
0 0.718113 
0 0.708191 
0 -0.0691795 
0 1.49195 
0 2.37114 
0 1.07351 
0 1.57588 
0 0.523564 
0 0.805838 
0 1.86272 
0 1.17048 
0 -0.144485 
0 -0.137184 
0 -0.020645 
0 1.07559 
0 1.73761 
0 0.534772 
0 1.09521 
0 1.54909 
0 0.31425 
0 0.594728 
0 1.38763 
0 1.1616 
0 0.380924 
0 1.15049 
0 0.781212 
0 1.3621 
0 1.31784 
0 1.6746 
0 -1.08151 
0 1.71266 
0 1.68974 
0 2.02864 
0 -0.235908 
0 -0.521691 
0 0.805752 
0 0.372702 
0 -0.138167 
0 2.20118 
0 2.05664 
0 -0.648266 
0 0.715396 
0 2.26282 
0 1.52915 
0 0.241051 
0 0.224697 
0 1.43876 
0 1.34564 
0 4.20553 
0 1.39586 
0 0.609164 
0 0.744346 
0 1.57376 
0 1.08023 
0 -0.247474 
0 -0.0621908 
0 1.35158 
0 2.03964 
0 1.48501 
0 1.18911 
0 0.737513 
0 0.587046 
0 2.6325 
0 1.43576 
0 0.82064 
0 1.41206 
0 0.311431 
0 -1.33902 
0 2.63351 
0 0.755854 
0 1.82526 
0 3.19236 
0 2.22165 
0 3.40939 
0 1.07169 
0 1.70757 
0 0.56361 
0 1.64641 
0 0.386937 
0 2.22978 
0 0.574123 
0 2.54492 
0 2.40975 
0 0.920378 
0 2.60766 
0 3.66305 
0 1.49785 
0 2.10525 
0 3.11271 
0 2.3428 
0 2.15481 
0 1.14245 
0 -0.645502 
0 2.00649 
0 0.675968 
0 3.01541 
0 0.301067 
0 0.772131 
0 0.830428 
0 2.93472 
0 4.52035 
0 4.37068 
0 -0.584841 
0 0.783368 
0 0.577965 
0 0.40467 
0 -3.1468 
0 4.1008 
0 -1.19527 
0 0.327926 
0 0.743794 
0 2.15866 
0 1.66011 
0 0.94489 
0 1.19365 
0 4.33913 
0 1.31256 
0 1.83531 
0 1.12739 
0 1.38723 
0 -1.92771 
0 1.7655 
0 2.9204 
0 2.55045 
0 3.94755 
0 1.17141 
0 0.656934 
0 2.17308 
0 1.96753 
0 1.02461 
0 2.95027 
0 1.01555 
0 3.21447 
0 1.5407 
0 0.767003 
0 0.538194 
0 0.756314 
0 1.13755 
0 2.41091 
0 0.536808 
0 0.619037 
0 1.10963 
0 0.802459 
0 -0.158586 
0 1.11194 
0 1.01921 
0 1.86236 
0 0.289546 
0 2.94007 
0 2.31762 
0 1.43166 
0 0.634332 
0 0.888052 
0 1.27561 
0 1.62022 
0 -1.29629 
0 2.19557 
0 3.17331 
0 1.6852 
0 -0.646465 
0 2.28805 
0 0.437703 
0 -1.55802 
0 -0.710903 
0 2.28062 
0 0.560311 
0 0.548766 
0 2.08341 
0 2.29467 
0 1.86187 
0 0.532993 
0 2.09819 
0 0.793126 
0 1.5225 
0 0.209053 
0 2.13823 
0 0.77609 
0 2.35681 
0 0.974823 
0 3.60252 
0 1.32507 
0 1.13135 
0 2.44039 
0 0.974866 
0 0.583466 
0 2.07985 
0 -0.0292487 
0 1.34103 
0 2.34537 
0 1.42394 
0 1.36856 
0 1.76575 
0 0.856337 
0 1.06768 
0 0.755021 
0 1.37033 
0 2.32326 
0 1.78523 
0 1.78456 
0 -0.0517435 
0 1.42301 
0 1.40632 
0 1.03203 
0 2.40061 
0 4.39687 
0 -0.0406605 
0 -1.36291 
0 2.31721 
0 2.60552 
0 3.16385 
0 2.22398 
0 1.98779 
0 1.20458 
0 0.465553 
0 1.27049 
0 1.64422 
0 2.38433 
0 1.5586 
0 1.50741 
0 0.661748 
0 1.38917 
0 0.754354 
0 1.95115 
0 0.405889 
0 1.08914 
0 0.872194 
0 0.909992 
0 0.663638 
0 2.31549 
0 2.60087 
0 2.33586 
0 1.63186 
0 1.74577 
0 1.76687 
0 2.45459 
0 0.226763 
0 0.689257 
0 1.35366 
0 1.77272 
0 0.638147 
0 0.747677 
0 0.612934 
0 2.58497 
0 0.978107 
0 2.29782 
0 1.55131 
0 0.761419 
0 0.436694 
0 3.04357 
0 1.67162 
0 0.663352 
0 1.93226 
0 1.16002 
0 3.00467 
0 1.04883 
0 1.18091 
0 0.194006 
0 1.89719 
0 1.6226 
0 1.54712 
0 2.69079 
0 1.57491 
0 0.39025 
0 1.4174 
0 2.93067 
0 1.31769 
0 0.956487 
0 2.65028 
0 1.40567 
0 3.06653 
0 0.363755 
0 1.0997 
0 -0.0223869 
0 0.303733 
0 1.53677 
0 0.00132885 
0 2.80088 
0 2.4865 
0 1.65329 
0 3.06775 
0 0.452767 
0 1.98022 
0 0.137734 
0 3.56365 
0 0.85582 
0 0.837189 
0 1.55793 
0 3.24555 
0 0.486841 
0 1.62756 
0 -0.0164893 
0 2.39554 
0 0.851122 
0 3.8307 
0 1.02459 
0 2.70418 
0 2.0405 
0 2.16704 
0 1.14238 
0 3.37498 
0 4.35258 
0 0.923726 
0 0.406283 
0 2.43548 
0 -0.247552 
0 1.03193 
0 1.49259 
0 2.33981 
0 0.434189 
0 1.72002 
0 1.89182 
0 1.79253 
0 -0.0689925 
0 1.10045 
0 0.317227 
0 -0.0210948 
0 2.84123 
0 0.526662 
0 0.829953 
0 1.56411 
0 1.7982 
0 3.08364 
0 0.495802 
0 0.924206 
0 1.2388 
0 1.274 
0 -0.230471 
0 1.63772 
0 2.6766 
0 0.459095 
0 0.561984 
0 2.56072 
0 1.02337 
0 0.212253 
0 1.54257 
0 3.53852 
0 2.47593 
0 2.8248 
0 1.67964 
0 0.162524 
0 0.45316 
0 5.03026 
0 1.66094 
0 0.204323 
0 2.94631 
0 0.932992 
0 -5.22569 
0 1.11213 
0 0.889645 
0 0.938849 
0 1.94147 
0 -4.23669 
0 1.03469 
0 -0.0772937 
0 2.56487 
0 0.228384 
0 3.61438 
0 0.308339 
0 1.70388 
0 0.0165022 
0 1.68259 
0 3.95599 
0 1.54744 
0 2.32906 
0 1.35143 
0 0.556144 
0 2.3988 
0 0.702794 
0 1.9927 
0 0.370496 
0 0.796252 
0 1.36876 
0 1.73948 
0 0.86932 
0 0.876332 
0 2.39537 
0 0.806747 
0 1.70607 
0 4.07547 
0 0.94658 
0 1.11853 
0 1.86385 
0 -0.370972 
0 2.22807 
0 0.219313 
0 0.0160793 
0 3.18215 
0 2.4445 
0 3.49842 
0 0.13079 
0 1.98747 
0 1.24701 
0 0.991057 
0 1.02418 
0 1.16712 
0 0.598242 
0 1.81431 
0 1.53963 
0 0.370668 
0 1.96906 
0 1.13264 
0 1.50925 
0 2.11052 
0 1.19128 
0 0.382899 
0 0.90302 
0 1.33124 
0 1.23619 
0 1.72825 
0 2.72268 
0 0.570961 
0 1.26383 
0 1.24688 
0 1.63357 
0 1.05937 
0 0.445584 
0 1.47698 
0 0.505872 
0 2.07558 
0 -0.279478 
0 2.43223 
0 0.397757 
0 2.95332 
0 3.60124 
0 2.70402 
0 0.85728 
0 1.41209 
0 1.39515 
0 1.91558 
0 4.07593 
0 2.60588 
0 1.53129 
0 0.686825 
0 1.72913 
0 1.29747 
0 0.609013 
0 0.780742 
0 2.57744 
0 -3.30378 
0 0.46313 
0 0.478918 
0 0.409244 
0 0.439212 
0 0.749536 
0 2.55446 
0 1.66779 
0 0.730092 
0 2.80316 
0 1.4331 
0 2.32278 
0 0.589872 
0 0.751575 
0 0.779198 
0 4.13814 
0 0.858992 
0 2.15875 
0 1.65497 
0 1.82723 
0 3.28318 
0 -0.344149 
0 1.6425 
0 0.432835 
0 2.68212 
0 0.423882 
0 0.88676 
0 3.1268 
0 1.66308 
0 1.68964 
0 3.98606 
0 -0.353524 
0 1.70218 
0 1.8675 
0 -0.598374 
0 1.58761 
0 1.11103 
0 2.79777 
0 2.57945 
0 2.34551 
0 1.31177 
0 1.28203 
0 3.54043 
0 0.497906 
0 1.54022 
0 -0.591169 
0 1.07973 
0 1.45323 
0 2.39817 
0 0.574798 
0 1.86547 
0 1.73494 
0 0.0673497 
0 1.91851 
0 1.74547 
0 1.80559 
0 0.0451828 
0 2.32401 
0 1.42429 
0 1.7555 
0 0.865583 
0 0.827766 
0 0.948047 
0 1.79083 
0 3.34383 
0 1.60588 
0 1.88042 
0 0.624137 
0 1.32566 
0 1.52115 
0 2.00334 
0 0.702635 
0 1.62273 
0 0.132179 
0 0.259418 
0 0.489604 
0 0.495113 
0 2.35189 
0 1.44174 
0 2.18596 
0 0.485682 
0 0.860738 
0 0.758539 
0 0.684817 
0 1.42475 
0 0.992904 
0 0.267689 
0 1.64197 
0 0.0728017 
0 0.646943 
0 0.816355 
0 0.167472 
0 0.694396 
0 0.588386 
0 2.56909 
0 0.901572 
0 2.608 
0 2.14079 
0 1.45004 
0 3.28289 
0 0.949656 
0 -1.10228 
0 1.2822 
0 0.185085 
0 2.31713 
0 1.04395 
0 1.65116 
0 1.15091 
0 1.82738 
0 3.30495 
0 0.853689 
0 1.64625 
0 2.05883 
0 0.779514 
0 0.967237 
0 1.22444 
0 1.39965 
0 0.258988 
0 1.15582 
0 1.26886 
0 1.69845 
0 0.928224 
0 1.25125 
0 0.483083 
0 1.64712 
0 -0.268526 
0 1.60758 
0 1.73603 
0 0.823982 
0 0.822272 
0 1.18629 
0 0.561816 
0 1.32622 
0 0.573586 
0 1.73049 
0 2.15185 
0 0.30396 
0 1.7593 
0 2.19453 
0 1.36363 
0 0.613621 
0 0.374826 
0 1.96087 
0 1.69971 
0 0.0824618 
0 2.10419 
0 0.933952 
0 1.89813 
0 -0.411028 
0 0.832203 
0 2.47133 
0 0.795523 
0 1.46715 
0 1.43921 
0 0.450875 
0 0.745849 
0 0.498326 
0 1.57854 
0 1.60027 
0 1.83829 
0 1.8217 
0 0.607757 
0 1.68552 
0 1.26387 
0 0.523972 
0 1.1838 
0 0.964581 
0 1.7577 
0 2.04846 
0 0.444067 
0 0.164455 
0 2.58915 
0 0.455968 
0 1.2115 
0 1.24451 
0 0.47583 
0 1.27241 
0 0.995743 
0 -0.0277959 
0 0.206941 
0 1.82128 
0 0.749505 
0 0.201192 
0 1.20906 
0 2.12144 
0 2.51591 
0 -0.657955 
0 1.66815 
0 0.682804 
0 0.362807 
0 2.96928 
0 0.705407 
0 0.662114 
0 0.172721 
0 0.805572 
0 2.09387 
0 -0.160425 
0 1.30616 
0 1.35302 
0 0.883598 
0 2.28842 
0 1.339 
0 3.31825 
0 1.2412 
0 1.21848 
0 1.16001 
0 1.01049 
0 1.78456 
0 0.741679 
0 3.02928 
0 1.92148 
0 2.64288 
0 2.07485 
0 0.350917 
0 0.181648 
0 1.8288 
0 2.36266 
0 2.46202 
0 0.677149 
0 0.816024 
0 1.82829 
0 1.70996 
0 2.06064 
0 0.879548 
0 0.428686 
0 4.21899 
0 3.89497 
0 0.584433 
0 1.17846 
0 2.00454 
0 1.07144 
0 1.88718 
0 2.51798 
0 3.93732 
0 1.29246 
0 0.748561 
0 1.19127 
0 0.725935 
0 1.04037 
0 -1.56765 
0 2.17719 
0 2.24189 
0 0.835921 
0 3.59317 
0 2.15111 
0 1.28307 
0 0.684162 
0 1.30661 
0 -0.330524 
0 -1.93011 
0 -1.75596 
0 1.50682 
0 0.901563 
0 2.00909 
0 1.52739 
0 2.734 
0 1.7739 
0 1.55188 
0 1.49214 
0 1.147 
0 0.743923 
0 2.2414 
0 1.14104 
0 3.22292 
0 0.36497 
0 1.14799 
0 1.41909 
0 4.6584 
0 1.37253 
0 2.72101 
0 2.49395 
0 2.45553 
0 3.02359 
0 2.21415 
0 -0.217505 
0 0.424646 
0 0.461087 
0 0.909641 
0 3.99653 
0 1.05604 
0 0.0643414 
0 2.06733 
0 1.13631 
0 2.59476 
0 3.21884 
0 1.26262 
0 1.51726 
0 1.47367 
0 1.49397 
0 2.06157 
0 3.07815 
0 2.24909 
0 5.50272 
0 -0.611344 
0 4.02367 
0 1.25986 
0 3.00489 
0 1.61935 
0 -0.0292376 
0 0.400147 
0 -0.271447 
0 1.70521 
0 0.304194 
0 1.22734 
0 2.45008 
0 0.657478 
0 0.36539 
0 0.558189 
0 0.797326 
0 0.990383 
0 0.351058 
0 1.2909 
0 2.92568 
0 1.0224 
0 1.55552 
0 0.730153 
0 0.246209 
0 1.12175 
0 2.67479 
0 0.953022 
0 0.51099 
0 1.759 
0 0.709503 
0 0.693217 
0 0.949205 
0 1.99499 
0 1.51429 
0 0.601825 
0 2.96751 
0 1.50477 
0 0.704568 
0 1.04882 
0 3.54521 
0 0.88502 
0 1.38009 
0 1.1549 
0 4.16977 
0 2.17233 
0 1.54977 
0 2.32663 
0 0.935629 
0 2.17016 
0 1.98033 
0 -0.370675 
0 0.151706 
0 0.7176 
0 0.579068 
0 1.14298 
0 1.61744 
0 2.43254 
0 3.38795 
0 1.62713 
0 3.10751 
0 0.92688 
0 1.05761 
0 0.735651 
0 1.96727 
0 2.45368 
0 2.6661 
0 0.128458 
0 1.90029 
0 2.80108 
0 1.75614 
0 2.87702 
0 0.128085 
0 0.970463 
0 2.59468 
0 1.01494 
0 0.199805 
0 1.44033 
0 2.52601 
0 -0.0213682 
0 3.37349 
0 1.92056 
0 0.498073 
0 2.72453 
0 2.11553 
0 1.80165 
0 1.5472 
0 1.24215 
0 1.31655 
0 1.2466 
0 1.04457 
0 1.01202 
0 2.54294 
0 0.149927 
0 1.12498 
0 0.251187 
0 0.87744 
0 3.04416 
0 1.85489 
0 1.05025 
0 1.05295 
0 1.08356 
0 2.29743 
0 1.70926 
0 0.538365 
0 5.39652 
0 0.661295 
0 1.06058 
0 0.599024 
0 1.99376 
0 0.871925 
0 1.20305 
0 -0.103911 
0 1.29059 
0 0.552956 
0 0.593846 
0 0.996126 
0 1.41128 
0 1.88464 
0 0.880195 
0 0.693374 
0 4.05856 
0 1.43281 
0 0.425549 
0 0.837878 
0 1.87155 
0 0.422979 
0 1.02781 
0 1.82654 
0 1.10903 
0 1.46554 
0 3.11694 
0 2.03762 
0 2.74514 
0 1.43579 
0 0.349922 
0 1.8513 
0 2.73638 
0 2.59799 
0 1.4992 
0 0.593245 
0 0.804717 
0 1.20191 
0 -1.85162 
0 4.03474 
0 2.64918 
0 1.54515 
0 0.393916 
0 2.78252 
0 1.31053 
0 0.720743 
0 1.57387 
0 1.02616 
0 0.693183 
0 1.1004 
0 0.768011 
0 0.686033 
0 0.142702 
0 2.19312 
0 1.4701 
0 0.144153 
0 1.83549 
0 0.449183 
0 1.67986 
0 2.62047 
0 0.332872 
0 1.16727 
0 1.11887 
0 2.18665 
0 1.3018 
0 8.35426 
0 0.0811949 
0 3.05001 
0 0.888293 
0 0.934735 
0 -0.0214642 
0 0.395181 
0 0.38144 
0 0.627181 
0 4.19156 
0 1.06419 
0 0.468455 
0 0.667641 
0 0.592724 
0 0.739727 
0 0.534339 
0 0.88621 
0 1.85789 
0 0.895507 
0 1.76242 
0 0.578254 
0 1.91971 
0 1.18575 
0 1.82108 
0 1.04508 
0 0.692313 
0 0.713129 
0 2.61113 
0 2.86496 
0 0.575098 
0 0.87816 
0 2.86017 
0 -0.608775 
0 1.89174 
0 1.56042 
0 0.572407 
0 0.692197 
0 1.93033 
0 2.84256 
0 2.29468 
0 0.899819 
0 1.85143 
0 2.7431 
0 1.53618 
0 2.02043 
0 1.36345 
0 0.975774 
0 1.20159 
0 0.791342 
0 0.312829 
0 0.883603 
0 0.901191 
0 1.71246 
0 1.14879 
0 0.527667 
0 1.58961 
0 1.00806 
0 0.500241 
0 2.08173 
0 -0.0522429 
0 1.46238 
0 1.36629 
0 1.14278 
0 0.877223 
0 2.52703 
0 1.59957 
0 0.618535 
0 1.72487 
0 0.812169 
0 1.23388 
0 0.626077 
0 3.277 
0 1.45818 
0 2.73317 
0 0.704183 
0 1.64741 
0 0.551411 
0 -0.751507 
0 1.0419 
0 1.8993 
0 2.58108 
0 1.44771 
0 1.78554 
0 2.64872 
0 0.563143 
0 1.43963 
0 1.85475 
0 2.48675 
0 0.476905 
0 0.0835072 
0 1.93802 
0 1.04916 
0 0.816522 
0 1.54246 
0 1.97902 
0 1.84652 
0 1.3269 
0 1.4962 
0 1.81884 
0 2.44452 
0 2.60073 
0 1.49431 
0 0.8406 
0 1.44844 
0 0.861257 
0 1.65897 
0 0.724272 
0 1.85747 
0 0.648741 
0 4.40513 
0 1.7127 
0 1.53364 
0 2.19647 
0 0.279181 
0 1.3904 
0 0.964677 
0 2.02903 
0 0.685954 
0 3.59906 
0 2.53819 
0 0.146513 
0 1.50963 
0 2.25713 
0 1.57187 
0 1.0935 
0 0.619269 
0 1.21595 
0 2.62999 
0 0.817872 
0 3.7764 
0 1.22077 
0 2.49089 
0 1.95291 
0 3.34068 
0 0.513279 
0 1.57256 
0 0.943454 
0 -2.22078 
0 2.30717 
0 1.4532 
0 1.51845 
0 1.62148 
0 1.25553 
0 0.958262 
0 -0.0968302 
0 2.11494 
0 3.19321 
0 0.326253 
0 1.38375 
0 2.0235 
0 0.450911 
0 1.69101 
0 0.175824 
0 2.34028 
0 2.68662 
0 1.16334 
0 0.835802 
0 1.77608 
0 3.11751 
0 2.14504 
0 -0.243159 
0 -0.0519454 
0 3.37229 
0 1.65533 
0 1.02018 
0 2.77989 
0 3.45978 
0 0.438365 
0 2.68354 
0 2.01868 
0 0.842612 
0 3.59306 
0 0.784735 
0 -0.221139 
0 2.49273 
0 2.58429 
0 0.794007 
0 1.93917 
0 -0.386284 
0 2.70294 
0 1.76301 
0 1.6947 
0 1.56906 
0 0.372521 
0 0.353654 
0 1.48125 
0 2.57698 
0 1.47186 
0 1.59952 
0 1.11574 
0 0.795017 
0 1.7846 
0 2.43627 
0 2.07512 
0 0.0824136 
0 1.99094 
0 2.69092 
0 0.750218 
0 0.138605 
0 1.30281 
0 3.60985 
0 2.94697 
0 2.25765 
0 0.0436004 
0 2.79723 
0 0.139514 
0 2.88529 
0 1.51901 
0 2.68373 
0 1.81234 
0 3.61394 
0 0.703824 
0 1.86473 
0 -0.102318 
0 2.62852 
0 -1.73036 
0 2.36994 
0 3.08417 
0 4.02622 
0 2.69575 
0 0.947364 
0 -0.792405 
0 2.57933 
0 2.22299 
0 2.02027 
0 -0.538198 
0 0.239537 
0 0.759848 
0 0.626789 
0 0.968232 
0 1.50244 
0 -0.0748818 
0 0.463831 
0 1.05313 
0 0.878921 
0 0.356502 
0 1.40573 
0 1.39041 
0 1.41141 
0 1.95427 
0 2.57825 
0 0.458777 
0 0.426783 
0 5.50859 
0 1.3701 
0 1.90639 
0 3.26499 
0 0.480841 
0 1.15987 
0 1.84369 
0 1.17579 
0 0.332182 
0 1.09429 
0 1.85137 
0 1.89012 
0 1.46653 
0 2.37207 
0 0.688551 
0 1.12108 
0 0.432156 
0 1.93548 
0 0.845509 
0 0.681065 
0 1.48141 
0 0.950758 
0 0.964668 
0 -0.413964 
0 1.30771 
0 2.56383 
0 2.52063 
0 2.36177 
0 0.87896 
0 1.02508 
0 1.25753 
0 2.00455 
0 0.299372 
0 1.31753 
0 1.49639 
0 0.215205 
0 -0.3064 
0 1.26694 
0 4.1848 
0 0.886319 
0 0.189286 
0 0.939366 
0 3.01877 
0 1.19197 
0 0.123157 
0 2.05062 
0 2.07346 
0 2.4504 
0 2.25013 
0 0.848041 
0 2.75986 
0 3.12954 
0 1.06974 
0 2.65919 
0 2.44681 
0 -0.304239 
0 1.16824 
0 1.3103 
0 0.61258 
0 3.00505 
0 1.40684 
0 0.574968 
0 1.37434 
0 0.183158 
0 1.83759 
0 0.0867256 
0 0.47641 
0 0.666458 
0 1.60078 
0 1.10475 
0 -0.249488 
0 1.26577 
0 0.588522 
0 3.34902 
0 -0.0532508 
0 0.863316 
0 2.17012 
0 1.2145 
0 0.207175 
0 2.85151 
0 1.2961 
0 0.298292 
0 0.113018 
0 0.259361 
0 2.84562 
0 0.677096 
0 0.322695 
0 -0.802457 
0 -1.23521 
0 3.68488 
0 2.65199 
0 -0.313548 
0 -1.44781 
0 0.558276 
0 1.44463 
0 -0.0895153 
0 1.36614 
0 1.10233 
0 1.21215 
0 2.34884 
0 0.103429 
0 0.400404 
0 0.590413 
0 0.557616 
0 0.154961 
0 -0.676476 
0 1.14896 
0 1.16192 
0 0.19349 
0 1.67352 
0 1.23891 
0 3.44699 
0 1.60443 
0 1.83996 
0 0.456083 
0 2.1402 
0 2.95059 
0 1.89481 
0 1.33006 
0 0.0743111 
0 -0.70903 
0 3.13492 
0 1.55727 
0 1.68093 
0 2.46033 
0 1.37793 
0 0.447022 
0 0.053342 
0 0.415651 
0 0.700373 
0 0.815169 
0 -0.859814 
0 0.111599 
0 1.82351 
0 1.09535 
0 1.03981 
0 0.725775 
0 0.860164 
0 -0.471529 
0 2.44095 
0 1.39782 
0 2.30789 
0 2.0867 
0 2.39462 
0 1.11646 
0 0.776286 
0 3.37334 
0 1.30346 
0 0.368518 
0 1.22606 
0 2.01593 
0 5.16749 
0 -1.42358 
0 -0.441749 
0 0.112759 
0 2.31779 
0 0.254353 
0 2.13551 
0 0.442221 
0 0.912427 
0 2.16775 
0 1.40645 
0 2.73072 
0 2.33652 
0 2.20636 
0 1.21302 
0 3.20028 
0 0.149143 
0 -0.482064 
0 1.37412 
0 2.21825 
0 0.56161 
0 1.81778 
0 0.851112 
0 0.491839 
0 1.08603 
0 1.4514 
0 1.3131 
0 1.16073 
0 1.18316 
0 3.17483 
0 1.92465 
0 1.00171 
0 1.8121 
0 1.92708 
0 0.949169 
0 2.98432 
0 1.25416 
0 0.74167 
0 0.416356 
0 0.606806 
0 0.113177 
0 0.0353271 
0 2.32759 
0 0.407936 
0 -0.807305 
0 1.17009 
0 1.36585 
0 0.759717 
0 0.488897 
0 0.977716 
0 3.78986 
0 0.871099 
0 -0.436355 
0 0.140386 
0 2.82866 
0 0.722848 
0 0.859415 
0 1.0029 
0 1.77786 
0 0.862111 
0 1.11091 
0 0.743426 
0 0.815808 
0 0.205947 
0 2.13065 
0 1.82407 
0 3.49755 
0 1.55965 
0 0.780737 
0 4.34451 
0 1.5224 
0 0.740891 
0 0.57521 
0 0.999289 
0 1.33671 
0 1.15909 
0 1.64907 
0 2.22134 
0 0.269638 
0 2.16714 
0 0.853457 
0 0.12814 
0 0.593489 
0 0.586677 
0 0.981634 
0 2.38984 
0 1.7784 
0 1.0152 
0 0.663059 
0 0.872635 
0 1.7904 
0 0.117588 
0 3.2896 
0 0.617391 
0 0.440804 
0 1.00353 
0 0.921957 
0 0.604267 
0 1.32317 
0 0.865392 
0 1.10803 
0 1.15369 
0 0.371277 
0 1.30653 
0 1.40999 
0 -0.361272 
0 1.4755 
0 0.500056 
0 1.6509 
0 0.808218 
0 1.39018 
0 2.33627 
0 1.37603 
0 1.52952 
0 2.77009 
0 1.90948 
0 0.70749 
0 0.578294 
0 1.34447 
0 3.19614 
0 -0.0415841 
0 1.14456 
0 0.182259 
0 1.18661 
0 0.739937 
0 0.770359 
0 0.626709 
0 0.920724 
0 2.92049 
0 0.746409 
0 2.71499 
0 3.14156 
0 1.54352 
0 2.74435 
0 0.797692 
0 2.23539 
0 2.04856 
0 2.1921 
0 3.40084 
0 -2.22136 
0 2.68653 
0 3.20811 
0 0.00728091 
0 2.58966 
0 1.17873 
0 2.27063 
0 3.73502 
0 1.11599 
0 1.02259 
0 0.722924 
0 1.54492 
0 1.98544 
0 4.362 
0 0.550517 
0 2.48606 
0 3.3053 
0 2.52084 
0 1.06125 
0 1.22707 
0 3.44339 
0 0.263363 
0 3.26063 
0 2.13733 
0 2.23697 
0 3.98119 
0 2.71088 
0 0.413522 
0 0.643819 
0 1.07074 
0 1.5652 
0 -2.43802 
0 0.408973 
0 0.273004 
0 1.08297 
0 2.62562 
0 0.919045 
0 0.72658 
0 0.800646 
0 0.0490098 
0 1.1498 
0 1.13628 
0 1.24553 
0 0.672552 
0 1.74502 
0 2.04943 
0 0.64209 
0 0.303877 
0 -1.33568 
0 2.31961 
0 -0.1788 
0 1.20052 
0 -1.39459 
0 0.598297 
0 0.891687 
0 1.47427 
0 3.51795 
0 3.0964 
0 3.30279 
0 1.12182 
0 1.15467 
0 0.619892 
0 0.397932 
0 0.631412 
0 0.0047669 
0 2.20811 
0 1.77494 
0 0.125727 
0 3.19721 
0 3.74778 
0 0.902911 
0 0.554836 
0 2.06874 
0 3.0644 
0 0.578536 
0 0.765845 
0 0.961124 
0 0.689662 
0 0.906219 
0 0.78328 
0 1.1283 
0 1.19354 
0 0.512797 
0 0.537007 
0 1.67802 
0 0.574548 
0 0.261981 
0 3.62859 
0 1.22341 
0 0.776998 
0 0.839439 
0 0.756376 
0 3.3004 
0 0.0181766 
0 1.33989 
0 3.12463 
0 -0.0997114 
0 3.18794 
0 2.7832 
0 0.846573 
0 0.212182 
0 0.991674 
0 0.557857 
0 0.687348 
0 1.03525 
0 1.27891 
0 1.63113 
0 0.691635 
0 1.34972 
0 3.05481 
0 1.11893 
0 1.28751 
0 0.893908 
0 2.28099 
0 1.86345 
0 -3.1536 
0 1.42301 
0 0.311699 
0 0.91567 
0 1.38923 
0 0.757677 
0 2.35079 
0 1.45173 
0 2.43868 
0 4.26857 
0 1.00326 
0 2.24198 
0 1.33927 
0 0.179871 
0 1.13932 
0 0.110222 
0 3.24641 
0 1.12257 
0 0.337362 
0 0.651881 
0 1.25812 
0 1.10719 
0 1.63885 
0 2.32097 
0 0.643835 
0 3.03815 
0 1.46313 
0 1.54588 
0 1.70543 
0 1.73192 
0 2.37445 
0 0.500538 
0 2.43923 
0 1.00745 
0 1.47782 
0 1.19887 
0 0.0874403 
0 0.987312 
0 2.20855 
0 1.47125 
0 0.72732 
0 0.101558 
0 -0.0219014 
0 1.5714 
0 0.619218 
0 -0.319116 
0 3.4677 
0 1.07418 
0 0.884598 
0 1.13193 
0 1.66751 
0 1.68962 
0 3.52556 
0 0.335384 
0 0.931571 
0 0.892144 
0 2.48459 
0 1.57337 
0 3.95341 
0 1.28428 
0 1.89706 
0 1.93127 
0 2.35392 
0 1.26822 
0 1.64888 
0 1.04142 
0 0.751566 
0 -0.129266 
0 0.699425 
0 0.543786 
0 1.48821 
0 2.01777 
0 0.585804 
0 1.51268 
0 0.491404 
0 1.72118 
0 1.39397 
0 2.58406 
0 3.52124 
0 1.82753 
0 2.09817 
0 0.643276 
0 0.65511 
0 0.549777 
0 -0.00520627 
0 0.76414 
0 0.70885 
0 0.0894271 
0 0.231765 
0 1.65357 
0 0.784661 
0 2.0907 
0 2.35204 
0 0.155682 
0 0.65132 
0 2.26193 
0 2.01292 
0 0.821564 
0 0.959138 
0 1.65898 
0 1.23871 
0 2.3505 
0 1.21959 
0 1.93916 
0 3.02223 
0 0.603915 
0 0.325465 
0 0.448563 
0 3.726 
0 0.742119 
0 0.545691 
0 -0.0701684 
0 -1.96695 
0 0.950429 
0 1.59199 
0 1.06289 
0 2.12995 
0 2.24735 
0 1.44029 
0 1.30518 
0 1.74294 
0 0.741905 
0 1.76016 
0 1.37115 
0 0.748459 
0 0.958685 
0 2.45611 
0 2.42052 
0 1.86856 
0 1.32968 
0 0.740468 
0 0.935219 
0 1.3785 
0 1.41162 
0 3.03719 
0 0.624899 
0 0.483064 
0 0.943131 
0 1.34691 
0 1.70335 
0 1.277 
0 2.10178 
0 0.247817 
0 1.22018 
0 2.04175 
0 0.933988 
0 -0.408772 
0 0.312275 
0 5.07944 
0 2.53509 
0 2.34905 
0 -0.193343 
0 1.62999 
0 0.851927 
0 -0.627502 
0 2.08708 
0 1.65562 
0 -1.1875 
0 1.1916 
0 0.849909 
0 2.27252 
0 0.644537 
0 0.879354 
0 1.80007 
0 1.00725 
0 -0.707104 
0 -0.106605 
0 0.940694 
0 1.7535 
0 1.27308 
0 1.95454 
0 0.626529 
0 -0.129413 
0 1.00277 
0 0.843713 
0 0.615767 
0 2.3453 
0 0.229346 
0 1.93417 
0 2.53474 
0 1.14565 
0 2.55068 
0 0.8844 
0 0.829292 
0 2.85424 
0 1.10436 
0 1.936 
0 1.10335 
0 0.460869 
0 0.302259 
0 1.17165 
0 1.82283 
0 2.73697 
0 0.810705 
0 1.17246 
0 0.572092 
0 1.06313 
0 3.04147 
0 1.06252 
0 0.228292 
0 0.336834 
0 1.50714 
0 2.28061 
0 3.31923 
0 -0.0985985 
0 0.748677 
0 0.422174 
0 1.44198 
0 1.61674 
0 1.21525 
0 0.898757 
0 0.430297 
0 -0.699661 
0 0.712666 
0 1.82874 
0 0.437551 
0 0.843923 
0 -0.730177 
0 0.396556 
0 1.56491 
0 1.00544 
0 1.56347 
0 0.146424 
0 2.43714 
0 1.81186 
0 1.05906 
0 -0.188955 
0 0.210188 
0 0.678271 
0 0.66499 
0 1.79542 
0 1.26928 
0 2.09931 
0 1.24462 
0 2.61957 
0 2.64874 
0 1.55584 
0 0.632339 
0 1.70698 
0 0.895884 
0 1.45622 
0 1.9479 
0 -0.112366 
0 1.90135 
0 0.493998 
0 0.878584 
0 1.15171 
0 1.34645 
0 1.33534 
0 0.578318 
0 0.761019 
0 1.10228 
0 0.43092 
0 0.363076 
0 1.91608 
0 0.422102 
0 0.916536 
0 0.484284 
0 2.42616 
0 0.283958 
0 0.467867 
0 1.02831 
0 3.69434 
0 0.860811 
0 2.29745 
0 2.03339 
0 1.71113 
0 2.24088 
0 1.35219 
0 1.9556 
0 2.46824 
0 0.908178 
0 1.9726 
0 1.8314 
0 0.739279 
0 1.74622 
0 -0.393319 
0 1.01847 
0 1.51217 
0 1.06247 
0 1.41168 
0 1.55587 
0 0.982636 
0 2.4274 
0 1.54249 
0 1.81492 
0 1.41968 
0 1.45393 
0 0.405784 
0 1.5157 
0 1.24081 
0 0.680506 
0 0.0316031 
0 3.28256 
0 0.748559 
0 2.5905 
0 1.5375 
0 1.79035 
0 1.11874 
0 0.310502 
0 1.43319 
0 1.29489 
0 0.683392 
0 0.891018 
0 0.719342 
0 0.7841 
0 1.40777 
0 2.17186 
0 1.72444 
0 2.69647 
0 0.287979 
0 -0.205641 
0 1.63586 
0 1.86591 
0 1.0919 
0 0.407549 
0 0.547201 
0 0.917237 
0 2.33429 
0 0.007308 
0 0.321916 
0 0.630902 
0 1.30771 
0 2.58996 
0 1.2219 
0 -7.92172 
0 1.67656 
0 2.92963 
0 2.25731 
0 -1.03653 
0 1.99956 
0 -1.36929 
0 4.01731 
0 2.28336 
0 1.27021 
0 2.18986 
0 0.915209 
0 2.14355 
0 1.30562 
0 2.44575 
0 0.714056 
0 0.998967 
0 0.474359 
0 0.926164 
0 1.47301 
0 1.85658 
0 1.08323 
0 3.57601 
0 0.905318 
0 1.3769 
0 2.69606 
0 1.39088 
0 1.65424 
0 1.76899 
0 0.952636 
0 4.1944 

