28.586 0.909573 
1.24261 0.210342 
4.31174 0.760624 
21.0618 0.704385 
23.1375 0.505047 
7.0354 0.332556 
15.062 0.460537 
10.3123 0.226988 
10.4578 0.0290718 
3.08587 0.33144 
0.150997 0.118933 
13.7944 0.207717 
7.69773 0.0976807 
10.0029 0.12413 
10.8207 0.065192 
3.29814 0.200731 
8.10717 0.204214 
22.096 1.24115 
10.9255 0.0175658 
2.36323 0.0269339 
2.10905 0.149367 
16.3581 0.69143 
10.9071 0.0875849 
32.4609 0.936121 
8.24675 0.207225 
5.75541 0.438608 
5.20629 0.555845 
10.8836 0.242958 
12.0865 0.0340179 
10.1332 0.172662 
5.79827 0.24127 
8.50519 0.00659776 
8.79472 0.17364 
10.5125 0.0356722 
9.68398 0.00275419 
2.253 0.368024 
9.26925 0.418929 
11.6595 0.0649993 
10.8465 0.0526048 
3.06976 0.155442 
12.8927 0.353361 
3.64418 0.497518 
7.63822 0.216249 
19.9113 0.402987 
11.4757 0.0750181 
10.0315 0.0930166 
3.89149 0.245272 
3.04942 0.0369876 
11.3178 0.182848 
7.64571 0.247456 
0.763687 0.298501 
38.4916 1.59767 
11.0086 0.0739535 
15.2051 0.420894 
8.76411 0.0312071 
9.56532 0.355399 
10.1669 0.0767668 
3.89087 1.13902 
2.82965 0.95081 
5.77972 0.238894 
4.01486 0.205643 
1.10911 0.229818 
0.901921 0.242297 
7.91282 0.299634 
3.98074 0.175049 
8.27255 0.551254 
9.21696 0.0743912 
8.46372 0.0784382 
4.15977 0.351419 
11.2742 0.320896 
11.4835 0.163541 
8.24478 0.948094 
2.05677 3.7935 
26.3985 0.722822 
9.14279 0.0670332 
9.12845 0.370576 
7.60196 1.17148 
12.4965 0.254009 
10.4012 0.112393 
6.36945 0.2838 
11.7692 0.148075 
1.00873 0.257301 
9.20065 0.16872 
0.0944765 0.12219 
6.97394 0.439787 
11.1573 0.0977357 
2.93103 0.484856 
9.28522 0.059858 
26.7954 0.970525 
3.15563 0.360496 
9.51822 0.110568 
10.0909 0.621539 
6.9841 0.161769 
12.9443 0.0108741 
9.09938 0.192546 
2.85716 0.401603 
9.66072 0.00807513 
6.42653 0.219694 
9.33241 0.0773713 
26.202 3.74968 
10.5999 0.0792536 
8.54309 0.175645 
2.94808 0.282252 
11.2236 0.046336 
15.3674 0.345918 
5.28124 0.251606 
6.56935 0.328029 
10.4716 0.491329 
6.56493 0.536182 
11.3778 0.26555 
12.4523 0.166753 
9.61611 0.0824993 
9.84138 0.0648543 
15.5881 0.397505 
1.12221 0.148384 
7.51999 0.182278 
15.8961 0.494752 
9.55478 0.251884 
3.98797 0.429822 
12.5726 0.345925 
10.337 0.0494995 
12.0058 0.0717097 
5.5855 0.310232 
15.0617 1.15469 
9.02046 0.0568097 
11.1538 0.162467 
8.57308 0.0399484 
11.264 0.388928 
13.5847 0.187865 
8.19155 0.313842 
4.9424 0.261337 
3.02599 0.862733 
3.49405 0.315759 
6.02729 0.255054 
17.3415 1.04349 
7.37704 0.0300297 
12.3945 0.429053 
2.8783 0.222272 
14.7205 0.461387 
10.7113 0.124912 
3.40664 0.432798 
9.16508 1.09307 
6.26497 0.222591 
1.87449 0.402201 
9.32946 0.696018 
11.8616 0.19993 
0.292842 0.183078 
11.8954 0.0718423 
9.71554 0.0114954 
8.74889 0.0192843 
10.9583 0.0678388 
10.0744 0.204216 
2.88182 0.518501 
9.01444 0.0120854 
20.1778 0.409748 
4.48229 0.411099 
7.21351 0.149361 
14.9246 0.368968 
9.05655 0.470959 
10.1311 0.247365 
8.84448 0.0429317 
1.62095 0.370155 
0.574775 0.120932 
10.965 0.0934792 
7.36315 0.228473 
1.42867 0.259063 
10.2214 0.0314416 
1.11754 0.491773 
1.47117 0.144807 
9.39438 0.135417 
3.81298 0.176315 
8.63877 0.00320373 
1.99006 0.0441453 
14.3096 0.464515 
9.63421 0.0830429 
9.80737 0.347269 
7.98294 0.0240199 
1.42841 0.0688278 
3.59009 0.300287 
1.60767 0.201299 
10.5859 0.0266521 
0.949739 0.0505406 
14.4729 0.295182 
14.7397 0.422492 
1.02946 0.471803 
13.8174 0.244936 
9.09934 0.0950719 
9.59457 0.0271109 
7.60044 0.203383 
2.20753 0.821617 
8.12989 0.196001 
11.4047 0.0409902 
16.2205 0.390801 
10.5392 0.37196 
5.76989 0.218581 
8.58102 0.0425398 
8.21495 0.0556737 
5.45987 0.444185 
7.52327 0.519121 
9.6142 0.0449332 
10.0977 0.0631149 
11.56 0.0466194 
1.70168 0.324391 
11.6424 0.515291 
10.7687 0.618152 
11.0997 0.341251 
2.91762 0.504825 
9.22875 0.0158653 
11.7482 0.0864641 
9.32645 0.195054 
12.3753 0.184414 
11.2232 0.167169 
11.1047 0.0752612 
8.95374 0.287114 
7.83681 0.067394 
2.81011 0.31905 
9.45936 0.190852 
10.9223 0.0533011 
21.2331 0.620997 
6.1446 0.160378 
8.4389 0.227384 
10.1987 0.112861 
10.6528 0.0200961 
1.51364 0.138809 
10.0629 0.204695 
7.66242 0.0822556 
9.10191 0.0686532 
2.97156 0.53852 
13.3161 0.458042 
3.87237 0.228255 
9.87554 0.101757 
11.5766 0.0831258 
8.24587 0.0633518 
10.736 0.00613215 
9.09753 0.243938 
9.71571 0.0819004 
6.3063 0.0592779 
10.8969 0.0795753 
3.35242 0.118568 
2.37791 0.154176 
9.99723 0.152443 
17.8186 0.121815 
8.55972 0.0886772 
7.52536 0.243197 
10.8986 0.180042 
9.03177 0.0988642 
14.0037 0.17276 
10.8513 0.436034 
25.0988 0.460165 
2.31017 0.408446 
7.99007 0.43554 
1.56049 0.882429 
11.6578 0.167968 
11.0826 0.0120904 
3.80254 0.0293739 
8.30572 0.0553012 
0.921092 0.190685 
7.94248 0.0301964 
10.7268 0.0611487 
3.40877 0.399003 
0.0652923 0.0780566 
8.98495 0.0078451 
8.72026 0.185966 
15.6482 0.202945 
8.43067 0.383523 
5.52181 1.22078 
9.09957 0.0785292 
10.2469 0.398388 
10.2624 0.0200572 
8.66305 0.181927 
25.2972 0.384154 
11.6328 0.0453537 
10.8295 0.31808 
10.8714 0.0708812 
11.252 0.0850068 
8.65052 0.196152 
9.19744 0.0604874 
12.2678 0.588836 
9.60718 0.121356 
10.1035 0.364384 
10.2401 0.0211871 
6.73983 0.596674 
9.09152 0.109036 
12.0071 0.0601479 
26.8391 2.85232 
10.7932 0.0957073 
10.0972 0.108819 
9.90126 0.0799501 
9.62524 0.0544885 
19.8603 0.254354 
13.165 0.139162 
7.72411 0.489307 
8.91229 0.0560668 
10.787 0.0956606 
9.78865 0.139581 
10.3856 0.0701933 
9.16713 0.0519905 
8.95829 0.095696 
9.57251 0.0289517 
11.2171 0.0101514 
4.70032 0.381326 
7.578 0.114029 
12.0896 0.127979 
8.29477 1.09836 
10.3049 0.102828 
3.49685 0.308133 
9.04985 0.0711128 
10.431 0.0045413 
11.1605 0.0608147 
10.8361 0.0463685 
10.4474 0.0870225 
11.6687 0.00646479 
7.83126 0.542159 
9.55837 0.12194 
5.17721 0.182663 
8.85436 0.147104 
11.5587 0.171715 
6.5556 0.205232 
9.09601 0.127707 
10.0338 0.147129 
10.4024 0.351719 
7.87945 0.17873 
9.58368 0.312216 
7.59706 0.0802383 
9.81738 0.0119584 
14.3099 0.290913 
10.3022 0.172569 
0.0230608 0.0585597 
10.9102 0.0966103 
9.50601 0.218669 
4.314 0.705398 
9.2985 0.0699259 
9.67947 0.227822 
21.2613 0.479808 
1.58933 0.40446 
9.94106 0.0305736 
12.8419 0.229775 
5.04309 0.758604 
7.55022 0.186953 
0.228092 4.33113 
8.77672 0.0762614 
9.72567 0.0940545 
11.1839 0.199806 
6.39279 0.247496 
9.18121 0.0114577 
11.041 0.055132 
8.9073 0.0798813 
7.26049 0.141997 
8.9137 0.0228014 
5.99247 0.0323167 
3.25645 0.0102497 
11.989 0.0246143 
6.93555 0.154 
0.199275 0.228626 
4.42586e-05 0.0146728 
9.55314 0.0316524 
10.6558 0.0177853 
22.7661 0.472027 
9.1385 0.0465811 
8.78251 0.01002 
10.4769 0.0583728 
9.15048 2.15216 
9.24017 0.218187 
9.30025 0.244299 
11.6307 0.0259688 
9.12914 0.0729984 
2.06089 0.0816411 
12.4038 4.08568 
0.837944 0.218748 
10.7097 0.294978 
11.4266 0.442919 
9.2936 0.0446941 
9.96453 0.0578655 
9.18627 0.152323 
16.9758 0.511303 
1.17144 0.424935 
10.9913 0.681506 
10.2404 0.0834596 
9.06365 0.134236 
2.89184 0.127398 
9.91669 0.0420303 
0.691627 0.0508832 
6.33 0.156731 
3.18546 0.068976 
26.0659 0.621589 
9.45294 0.0886713 
9.62059 0.293895 
8.75909 0.124653 
17.8163 0.57705 
16.7123 0.363549 
3.74438 0.336808 
6.15154 0.494839 
8.65713 0.109597 
8.72 0.41805 
8.77574 2.12746 
7.08349 0.368606 
11.6221 0.0773486 
33.2474 0.475992 
10.163 0.0105333 
8.98298 0.0240963 
0.62693 0.22496 
27.4198 0.667998 
12.3658 0.0608035 
3.19505 0.44094 
5.93591 0.175446 
2.66749 0.420485 
9.90314 0.134807 
9.0807 0.234606 
0.00410351 0.0443847 
2.9646 0.430964 
9.73482 0.124524 
8.66673 0.160536 
10.804 0.0267153 
9.91034 0.0773894 
0.653319 0.432918 
10.1984 0.101079 
7.60427 0.117368 
8.21465 0.214105 
0.105413 0.41418 
7.37123 0.626299 
10.9923 0.315292 
0.000174891 0.136643 
16.9824 0.326986 
0.725025 0.0440477 
7.15899 0.105135 
8.99958 0.542578 
16.2765 0.265062 
3.70828 0.351375 
10.6656 0.368083 
9.78082 0.202655 
10.377 0.657781 
11.4539 0.0855019 
1.24291 0.374028 
3.39582 0.784837 
24.2401 1.12973 
2.21601 0.22036 
12.4479 0.108962 
9.28211 0.495522 
23.0227 1.25673 
5.17398 0.147191 
0.73249 0.106418 
12.8889 0.431197 
8.60434 0.339235 
12.6226 0.199333 
1.04328 0.407635 
23.3596 0.538251 
2.40335 0.251678 
1.71642 0.165965 
4.61713 0.167086 
6.1384 0.100128 
8.373 0.198635 
8.8877 0.295021 
9.01672 0.100735 
7.98279 0.272036 
11.5847 0.553807 
12.7462 1.08056 
5.17975 0.0964756 
7.71287 1.23887 
2.42175 0.255196 
8.15434 0.029641 
10.1515 0.0571113 
1.19462 0.406802 
10.9438 0.242063 
10.1673 0.0986993 
20.2653 0.299495 
11.7403 0.247832 
31.2889 1.84483 
10.7262 0.113916 
7.84869 0.0557114 
7.10726 0.152307 
11.6646 0.0910214 
5.78997 0.310083 
9.28796 0.26018 
1.69805 0.207417 
3.4055 0.197116 
5.53506 0.201925 
2.74442 0.552333 
11.542 0.310686 
10.7296 0.107188 
4.24763 0.291471 
6.35516 0.260668 
0.18558 0.0678381 
10.7951 0.0397979 
11.0326 0.199284 
10.1368 0.077157 
9.66058 0.196411 
11.05 0.251432 
5.19415 0.0781995 
9.16964 0.197292 
11.9332 0.145538 
11.9762 0.506872 
9.70034 0.17745 
10.2096 0.0560763 
5.24588 0.25008 
1.30207 0.221792 
19.5889 0.410565 
4.69468 0.185271 
26.441 1.19975 
9.48488 0.705241 
13.1584 0.323018 
7.50182 0.200193 
0.055694 0.174253 
12.5659 0.267095 
1.87857 0.0957051 
11.1759 0.202804 
19.6364 5.8536 
10.5928 0.0678063 
30.943 0.513974 
10.2971 0.236045 
9.23519 0.0306165 
4.80122 0.279793 
8.95319 0.0810586 
0.585153 0.164425 
11.9648 0.31765 
6.39195 0.114542 
0.0215268 0.00740695 
0.458597 0.0969851 
11.9564 0.275423 
0.829153 0.248412 
11.064 0.0596268 
11.0263 0.0391361 
9.88335 0.0396558 
13.9783 0.225816 
10.8949 0.107311 
4.8378 0.347841 
2.46414 0.168787 
3.49596 0.266642 
0.774156 0.242761 
1.39752 0.322092 
16.1177 0.288263 
12.219 0.402821 
8.5477 0.0399902 
7.75801 0.122121 
10.3211 0.338462 
9.57345 0.0576113 
1.27666 0.204787 
12.7061 0.770665 
7.50571 0.319009 
10.7797 0.180347 
11.515 0.186068 
9.69465 0.0361354 
1.86491 0.20643 
3.31179 0.197194 
18.988 0.493113 
17.1365 0.477049 
13.0598 0.167574 
8.75494 0.336698 
11.8133 0.344041 
9.8185 0.116736 
4.11967 0.305465 
12.3709 0.0951696 
10.5402 0.00839294 
0.16088 0.32858 
13.8713 0.265774 
2.81197 0.0365228 
8.92704 0.160799 
38.6843 0.52806 
2.05316 0.829748 
0.621635 0.152627 
9.2115 0.0416386 
5.38153 0.304492 
1.8653 0.200464 
15.6181 0.325576 
0.454449 0.180327 
10.8658 0.132557 
9.27569 0.0543069 
6.30232 0.151125 
6.94261 0.304203 
2.8765 1.41346 
9.38059 0.267704 
5.23913 0.399987 
5.51622 0.53602 
2.59131 0.534502 
9.09748 0.0190179 
4.73798 0.580946 
10.5544 0.00664017 
6.14712 0.100611 
0.431134 0.865364 
10.2959 0.115765 
8.60618 0.498045 
10.0671 0.107026 
1.05273 0.0573286 
8.35874 0.0698095 
8.94467 0.0440032 
9.12228 0.109448 
9.43718 0.118683 
9.04865 0.00871988 
11.2549 0.0486554 
12.7153 0.094872 
11.7529 0.141957 
4.29664 0.345106 
9.83898 0.0161554 
9.34843 0.464943 
12.2312 0.267092 
10.8511 0.135319 
19.4477 0.304924 
1.19201 0.263793 
4.7092 0.341016 
13.6796 0.343126 
28.3327 0.748187 
12.7272 0.372418 
0.512523 0.0908649 
11.1932 0.202636 
13.3252 0.319447 
9.46654 0.191548 
9.4205 0.13945 
9.56598 0.140367 
14.1239 0.335137 
8.75663 0.260207 
9.23677 0.182844 
7.91518 0.114443 
10.8584 0.151947 
3.49903 0.131677 
11.2531 0.160764 
10.0025 0.0651559 
11.0084 0.0842495 
11.451 0.298613 
13.801 0.337471 
9.32854 0.134377 
9.05038 0.156633 
8.29517 0.338896 
2.59077 0.249729 
8.99879 0.105251 
10.6622 0.0896791 
9.56307 0.103771 
10.0668 0.139437 
11.2153 0.105623 
6.54781 0.160167 
12.4565 0.137025 
11.2681 0.173637 
7.8643 0.16005 
11.4447 0.165868 
10.5377 0.151501 
9.36745 0.0316474 
6.03637 0.187873 
0.161476 0.265912 
6.42326 0.116835 
6.30517 0.152502 
0.778898 0.0986558 
8.92197 0.0905454 
7.78369 0.10159 
9.70666 0.0617166 
10.6267 0.232724 
12.7678 0.199059 
9.11495 0.0223902 
9.20145 0.0239858 
10.2152 0.317859 
14.2618 3.11468 
16.9506 2.7918 
8.30298 0.129889 
0.000118145 0.27507 
6.31348 0.42283 
6.25768 0.0596373 
5.48041 0.316922 
3.64523 0.163026 
8.18594 0.0839827 
8.82565 0.334388 
6.72355 0.041505 
4.23912 0.445689 
5.52552 0.128073 
10.7978 0.214247 
0.578873 0.262521 
10.6228 0.196116 
11.7329 0.18089 
11.0025 0.0988763 
14.3681 0.159978 
6.47153 0.369611 
6.62086 0.0181929 
2.32239 0.0724967 
9.89141 0.136124 
11.4689 0.157317 
7.88201 0.150358 
11.5973 0.0489795 
2.57897 0.201377 
13.9668 0.0103022 
2.43682 0.294373 
13.5868 0.148266 
1.58591 0.127038 
11.4087 0.0893931 
12.1194 0.301654 
0.918932 0.123607 
10.1814 0.128423 
9.38115 0.0356162 
9.50327 0.0949955 
8.58138 0.237317 
10.2968 0.243809 
10.9372 0.0510505 
6.14324 0.0992911 
8.29437 0.261979 
3.25536 0.433027 
13.3283 0.535534 
9.28039 0.126736 
7.3799 0.168671 
6.31508 0.168254 
5.05457 0.321637 
1.90321 0.152417 
0.157073 0.0872073 
10.3998 0.0672914 
6.10657 0.212218 
9.60295 0.14478 
9.87369 0.0874781 
7.47798 0.00372378 
1.26478 0.159597 
10.7426 0.100713 
8.66406 0.0394929 
5.65375 0.0195452 
4.19924 0.550991 
9.64063 0.0520008 
5.30696 0.596928 
9.94608 0.0552792 
9.4076 0.204713 
8.4154 0.0600124 
2.07249 0.72838 
12.4582 0.294266 
18.9005 0.21563 
9.63591 1.29608 
10.3699 0.0306565 
26.8851 0.795463 
10.1868 0.113582 
3.13955 0.278026 
9.49354 0.163302 
13.5027 0.106156 
9.40887 0.1768 
11.4438 0.0967615 
1.19653 0.162234 
8.19618 0.0774982 
9.77143 0.0893016 
3.96366 0.042839 
0.00519659 0.0258198 
2.38116 0.0520213 
12.0599 0.301048 
8.36496 0.338554 
9.12627 0.262284 
5.57774 0.647159 
9.86866 0.155229 
3.34396 0.221379 
9.3328 0.023672 
10.1936 0.156306 
13.4871 0.193473 
10.3685 0.144213 
5.12946 0.0337715 
8.54792 0.221481 
9.65708 0.587615 
19.8912 0.607397 
10.868 0.0212695 
7.74376 0.0325668 
11.338 0.125562 
3.37021 0.517522 
0.387428 0.089916 
6.07352 0.26435 
10.2765 0.15146 
9.57509 0.0253678 
7.77513 0.2001 
9.99435 0.101751 
9.51822 0.00846927 
11.6497 0.244126 
6.48737 0.039266 
9.18039 0.0403167 
17.1721 0.158979 
8.18671 0.0963367 
8.56507 0.0795778 
2.48368 0.206105 
13.1606 0.197049 
12.0663 0.254911 
10.6565 0.0150559 
8.41768 0.283931 
0.730647 0.132708 
9.43665 0.00994113 
9.41847 0.0662347 
9.45426 0.0786984 
8.06784 0.0331305 
8.56143 0.290217 
1.50091 0.278903 
11.0803 0.143075 
6.83751 0.0801941 
13.9389 0.376387 
8.77669 0.058375 
6.42852 0.292245 
10.3587 0.0516771 
11.922 0.173007 
9.48862 0.234648 
6.22663 0.487408 
11.1229 0.0460601 
7.24496 0.332543 
1.56665 0.355719 
29.1737 1.24232 
11.0763 0.111684 
3.72841 0.139603 
6.34457 0.152371 
23.9497 0.853034 
12.7637 0.541929 
27.6224 1.21682 
10.5863 0.616652 
5.8076e-05 0.158051 
8.69574 0.358794 
12.7328 0.837747 
3.0739 0.321153 
14.808 0.191309 
14.8935 0.44551 
9.55316 0.303968 
7.16314 0.318481 
7.77955 0.153276 
9.38588 0.14612 
9.98085 0.12906 
11.3834 0.622499 
12.023 0.181334 
11.4599 0.0156991 
9.6636 0.366717 
8.52207 0.037433 
11.9328 0.39733 
6.54032 0.298014 
9.43575 0.0944099 
8.94883 0.0101239 
8.49204 0.157593 
21.5262 0.457586 
4.61781 0.759919 
11.617 0.152295 
6.13465 0.109006 
9.32341 0.100216 
3.42543 0.450865 
4.51973 0.264485 
3.85355 0.536647 
11.4203 0.368977 
1.40439 0.577613 
7.09728 0.246188 
16.6481 0.377327 
6.12145 0.15728 
4.2835 0.269035 
10.8508 0.040731 
7.05369 0.303362 
10.5494 0.127559 
9.03044 0.0548208 
30.4111 0.537194 
2.02931 0.273826 
12.9373 0.477171 
8.76428 0.0877946 
23.299 0.858276 
12.528 0.287255 
12.8597 0.182364 
6.389 0.465612 
10.6894 0.296925 
13.8404 0.13822 
5.44461 0.173876 
1.03818 0.17545 
6.98999 0.280199 
15.2512 0.166759 
5.31424 0.301093 
11.1678 0.0131281 
23.0608 0.487146 
4.1096 0.206024 
1.64664 0.393024 
7.49615 0.177241 
10.6586 0.143207 
10.9064 0.0971717 
10.2266 0.557912 
2.06557 0.211279 
14.9675 0.423309 
15.707 0.186762 
9.87881 0.290965 
11.1075 0.573615 
9.21703 0.0506103 
11.768 0.00636007 
8.7938 0.00330068 
6.89855 0.427684 
0.00274996 0.0359556 
5.29406 0.304347 
12.0366 0.0800376 
0.0182094 0.0264254 
9.3302 0.0931152 
15.0872 0.372436 
17.2962 0.430703 
15.5063 0.319482 
12.0476 0.00667959 
2.84548 1.00684 
21.0354 0.596991 
0.0873511 0.0220598 
0.241714 0.100176 
1.55092 0.280204 
3.4666 0.457774 
10.9168 0.0329862 
12.9622 0.143831 
9.80226 0.0724944 
6.4805 0.432019 
2.40014 0.244023 
8.61175 0.321082 
7.49531 0.0667107 
11.2361 0.289735 
2.16241 1.18413 
8.23238 0.738811 
1.87994 0.391902 
0.061243 0.310166 
17.448 0.396536 
11.2615 0.268074 
13.0982 0.179201 
11.6591 0.141302 
0.447054 0.495654 
12.9711 0.284619 
7.293 0.258081 
5.6077 0.337218 
9.54017 0.118137 
10.6025 0.121635 
9.38018 0.422648 
9.66029 0.270048 
10.4923 0.145371 
0.21739 0.140222 
9.1417 0.0415785 
18.6714 0.343488 
9.58218 0.491535 
11.6307 0.398131 
3.12461 0.684069 
1.64882 0.260544 
3.64087 0.112509 
13.6877 0.268232 
18.5391 0.369207 
10.6226 0.0422951 
0.888049 0.0791483 
11.8311 0.309392 
1.77197 0.709359 
10.8599 0.149547 
2.20619 0.265513 
6.12832 0.200532 
11.1554 0.288284 
2.57099 0.134393 
8.96429 0.201749 
13.9903 0.0924159 
12.2694 1.60002 
7.92957 0.437432 
7.03541 0.13059 
10.404 0.223578 
21.1264 0.238787 
10.5093 0.1215 
9.49727 0.12435 
1.75928 0.178099 
9.27475 0.368606 
7.95006 0.160494 
7.54273 0.149391 
29.6456 0.468878 
10.319 0.22647 
2.61622 0.425429 
11.5949 0.0117352 
12.1076 0.194261 
11.2442 0.0354266 
5.52624 0.28576 
0.502649 0.107422 
13.9785 0.458799 
9.31551 0.467415 
5.82727 0.269418 
5.84436 0.0590914 
6.26559 0.349125 
9.65544 0.0491077 
9.66121 0.0672949 
9.07312 0.0685669 
9.43059 0.0600428 
8.67597 0.295778 
9.87163 0.0710246 
7.6451 1.30316 
8.88855 0.181015 
9.02089 0.0648949 
7.01971 0.0274438 
11.6644 0.353776 
2.70086 0.159994 
10.1931 0.0555511 
3.74898 0.444983 
3.77734 0.70312 
9.22029 0.0258254 
9.41862 0.0418121 
6.99151 0.221577 
9.87315 0.314862 
9.00352 0.161201 
2.53732 0.384265 
1.15666 0.312292 
13.3005 0.489974 
11.691 0.10739 
9.92641 0.065487 
10.2575 0.114642 
10.4582 0.089132 
10.1194 0.270972 
15.2334 0.297899 
7.09285 0.167436 
10.6307 0.0708609 
0.158894 0.141948 
1.05742 0.0910491 
6.14946 0.498472 
13.1412 0.465826 
10.2643 0.191426 
11.2889 0.162035 
3.45909 1.55431 
8.99445 1.20145 
9.67284 0.268968 
8.74549 0.360542 
12.482 0.0393559 
10.4005 0.189053 
0.670225 0.27002 
10.8856 0.0341587 
10.5339 0.0389361 
10.4267 0.169149 
10.0479 0.386163 
11.7327 0.623775 
4.20318 0.0736322 
6.56963 0.0972515 
8.20918 0.16935 
9.53209 0.0471772 
9.46976 0.144896 
9.43494 0.0952141 
11.3704 0.108687 
10.6364 0.0583683 
5.4466 0.160585 
10.6488 0.376128 
7.94433 0.0733223 
0.81905 0.31229 
9.40879 0.0891293 
4.33809 0.26713 
9.95055 0.404539 
9.98098 0.148533 
9.06387 0.327298 
10.1709 0.329338 
18.6971 0.625505 
10.9363 0.197852 
3.18938 0.175603 
0.0328417 0.249826 
10.1501 0.0135446 
5.6008 0.288916 
4.63135 0.180844 
4.99651 0.260689 
11.3581 0.253228 
32.9072 1.03872 
0.595011 0.194159 
4.38315 0.346415 
11.4793 0.185667 
6.44516 0.184452 
9.78661 0.0453678 
1.8707 0.205462 
3.93788 0.0705452 
1.57229 0.18369 
9.66307 0.0793852 
12.0546 0.0620304 
3.86827 0.413709 
7.21987 0.209744 
10.5469 0.188115 
3.01692 0.562326 
9.3911 0.00608652 
7.01822 0.278624 
9.90667 0.639845 
10.5287 0.0551158 
10.9222 0.315514 
12.1651 1.49859 
1.97264 0.14244 
3.07122 0.684346 
0.972712 0.0638587 
3.19315 0.30422 
8.23933 0.0026126 
7.87814 0.309009 
8.36424 0.330339 
12.459 0.463283 
10.272 0.447508 
7.7586 0.304751 
9.79401 0.0723585 
10.5686 0.102422 
4.56404e-05 0.104882 
9.04933 0.0328682 
8.39778 0.201797 
5.48251 0.567102 
9.36367 0.0784558 
8.84947 0.0344745 
10.7166 0.360248 
10.3176 0.283554 
3.11625 0.417619 
10.294 0.149726 
1.56751 0.535287 
0.776168 0.372249 
11.3891 0.0745213 
11.6459 0.142114 
6.04621 0.424717 
12.98 0.0943772 
0.252326 0.518525 
9.38718 0.149085 
0.684651 0.233894 
7.83579 0.222168 
11.9357 0.223033 
9.95291 0.162721 
8.9622 0.122535 
2.5203 0.191538 
0.219295 1.79676 
1.95057 0.129309 
6.95615 0.173851 
9.00136 0.0248605 
8.93358 0.0635698 
8.11285 0.0681394 
10.0353 0.215902 
2.75597 0.380757 
0.558076 0.085412 
8.81917 0.0651245 
6.50471 0.0217815 
14.0741 0.333938 
9.41279 0.212814 
14.7705 0.0479687 
9.47786 0.150179 
8.72717 0.140822 
14.8854 0.490912 
8.84614 0.0287183 
11.1865 0.162393 
4.60424 0.227584 
9.29816 0.245878 
9.34606 1.34468 
11.2373 0.0390216 
4.21873 0.0519266 
6.66169 0.671327 
5.29946 0.135216 
12.7996 0.184739 
12.3275 0.0858817 
0.272581 4.93641 
7.81098 0.285657 
11.4281 0.0580835 
1.34414 0.0564017 
10.5091 0.0761447 
10.4665 0.0734088 
10.211 0.0288973 
0.06152 0.0469782 
9.77626 0.372188 
10.276 0.358018 
6.00581 0.139924 
10.0737 0.0192498 
8.35764 0.121284 
13.4418 0.750482 
8.93738 0.0697018 
10.1624 0.0888445 
1.90807 0.286363 
9.62815 0.184499 
8.57957 0.0578614 
5.29628 0.252106 
5.54705 0.828914 
10.953 0.237773 
5.83227 0.109919 
0.00267889 1.23152 
2.36706 0.560824 
10.0451 0.226761 
1.79961 0.115351 
10.6661 0.175024 
0.34242 0.328598 
2.40036 0.0823393 
9.13448 0.121568 
10.6884 0.074244 
11.19 0.061406 
10.3658 0.103086 
8.51493 0.0768097 
10.3574 0.559507 
0.563463 0.346246 
14.4547 0.122962 
9.60606 0.322154 
10.0955 0.506228 
9.43646 0.0298885 
16.6631 0.457945 
11.2572 0.314807 
10.8542 0.198201 
12.2237 0.0281755 
8.37145 0.0563714 
4.05793e-06 0.336093 
0.527546 0.317687 
1.28495 0.202652 
12.5791 0.342871 
8.79581 0.301801 
1.10541 0.120673 
10.9807 0.0678906 
7.53147 0.160066 
7.99958 0.0484175 
7.88781 0.690549 
0.667359 0.430564 
8.72527 0.478717 
24.5186 0.724521 
11.3577 0.480077 
9.517 0.234563 
6.17108 0.0185599 
9.61257 0.158463 
9.04153 0.0373756 
3.1043 0.235095 
10.4072 0.0959963 
2.30102 0.290572 
13.3412 2.35581 
10.2117 0.201462 
0.0664095 0.0295906 
17.348 0.775026 
1.71004 0.0530614 
10.1777 0.035228 
4.2841 0.138444 
11.2541 0.0716301 
10.1003 0.388783 
9.04027 0.0122713 
9.6044 0.00850622 
11.8799 0.451176 
13.033 0.454791 
9.32735 0.121728 
9.11109 0.0700567 
9.54535 0.299413 
22.3633 0.520271 
10.7064 0.00537928 
10.645 0.033805 
13.6416 0.156071 
3.31492 0.315092 
22.1074 0.565959 
23.6504 0.305237 
3.92675 0.142664 
7.50383 0.152239 
8.18539 0.256453 
7.274 0.243811 
11.3323 0.0198792 
5.1074 0.0468022 
11.1165 0.154629 
8.63846 0.0535449 
6.19415 0.699109 
12.7021 0.231428 
10.3466 0.488956 
6.13348 0.175497 
26.4127 1.39639 
10.1264 0.172162 
25.9314 1.8448 
10.3657 0.0186318 
11.905 0.0191232 
11.1927 0.29186 
11.8859 0.280772 
2.38083 0.124444 
14.8146 0.367501 
25.3628 0.489682 
0.000164275 0.0410964 
2.22006 0.386241 
1.67834 0.523836 
12.6517 0.334644 
7.5383 0.205313 
1.532 0.0268781 
8.76367 0.107615 
11.4348 0.0404186 
8.70497 0.020557 
8.65536 0.0449859 
24.0135 1.30456 
23.9208 0.807577 
5.65522 0.127682 
27.7313 1.01672 
2.33775 0.336591 
6.81774 0.332889 
11.114 0.0239724 
10.7402 0.379083 
9.18252 0.0455228 
11.2648 0.479884 
4.50649 0.0512146 
10.2187 0.227681 
10.6839 0.0961015 
6.20669 0.300053 
20.8394 0.642644 
9.83813 0.322048 
11.3437 0.150468 
23.9787 0.335706 
4.07316 0.245862 
10.8306 0.279467 
0.632613 0.299129 
6.1135 0.343239 
4.62574 0.457346 
13.3678 0.0797772 
7.78595 0.588808 
2.509 0.131755 
9.93045 0.22329 
6.32492 0.362047 
2.67498 0.280691 
5.87592 0.218053 
8.87365 0.396816 
2.14849 0.24119 
10.2169 0.116402 
1.57679 0.490973 
10.6415 0.15576 
0.0522433 0.0416554 
5.61172 0.643304 
3.9111 0.402851 
10.7293 0.463721 
7.24046 0.288873 
6.78203 0.647742 
11.0063 0.293741 
8.70427 0.241567 
6.48301 0.169654 
1.77846 0.559226 
0.449152 0.192569 
9.16739 0.0106837 
7.36375 0.966255 
1.36644 0.396022 
7.86211 0.248439 
9.08843 0.406892 
10.6563 0.0277818 
4.72045 0.418807 
1.85076 0.703599 
9.57179 0.101577 
8.73437 0.0307184 
7.9471 0.049183 
8.60473 0.184985 
9.60991 0.00874889 
11.4632 0.103487 
10.8258 0.235118 
3.11533 0.170502 
1.11945 0.670436 
8.98789 0.229588 
5.26534 0.309853 
17.6773 0.348746 
10.0771 0.439545 
9.06576 0.026045 
2.81896 0.305716 
12.0447 1.34975 
1.05126 0.429405 
2.62068 0.341788 
10.2483 0.0210217 
8.77378 0.790528 
6.58184 0.340121 
9.91873 0.254401 
9.32561 0.0484005 
9.95527 0.0739888 
15.4943 0.345154 
9.72566 0.0678374 
5.74901 0.0284617 
4.78169 0.462295 
0.154927 0.170023 
1.02757 0.0527912 
8.67372 0.162145 
19.7571 0.37282 
9.43652 0.107666 
12.7302 0.366356 
9.37053 0.206744 
6.95936 0.163547 
13.9894 0.160178 
8.48339 0.0932599 
6.27671 0.178725 
20.0783 0.389873 
4.56413 0.307128 
6.59952 0.104613 
12.0074 0.0476166 
11.2366 0.245684 
3.12166 0.271449 
4.0256 0.307335 
9.78284 0.0578361 
6.23319 0.348836 
16.8609 0.621126 
10.548 0.136888 
7.49747 0.332547 
10.1267 0.0312851 
10.7113 0.0620913 
16.5692 0.429438 
11.7838 0.115573 
24.6916 1.39111 
8.26443 0.149593 
1.18207 0.312831 
22.9044 1.14428 
9.31098 0.0454712 
9.92243 0.0319662 
14.1986 0.215722 
11.781 0.0648665 
3.31624 0.543769 
12.2198 0.443358 
7.77244 0.101943 
9.10881 0.391218 
29.8526 0.546828 
12.7135 0.337385 
10.5788 0.0105673 
3.48278 0.42034 
10.9032 0.130207 
5.01685 0.33028 
3.03983 0.397275 
12.6092 0.419825 
1.61175 0.194156 
8.75524 0.126671 
0.817268 0.184076 
18.9549 0.320494 
9.13365 0.0838612 
9.33781 0.0700967 
11.0361 0.0148908 
13.1531 0.182894 
0.00558475 0.0523537 
1.2277 0.185841 
14.5733 0.29923 
22.0664 0.426455 
11.0102 0.0876078 
10.5321 0.120891 
22.4254 0.407435 
11.4513 0.0929966 
6.9875 0.219435 
10.5729 0.255372 
2.3214 0.339938 
9.50549 0.22189 
10.2065 0.0901232 
21.5185 0.758713 
9.14307 0.194986 
11.3356 0.0272153 
18.9119 0.327454 
6.61687 0.462153 
9.28933 0.106843 
9.61808 0.0366004 
10.8326 0.0273686 
0.444853 0.0466614 
10.0828 0.00896659 
10.6759 0.0788931 
6.58424 0.197376 
11.0577 0.217359 
10.1254 0.240595 
3.63218 0.387891 
11.7506 0.214651 
11.2014 0.137629 
10.1821 0.232254 
6.92914 0.236807 
9.82342 0.0211346 
7.98847 0.0336027 
13.4496 0.584523 
1.43697 0.109614 
11.6271 0.0966807 
8.38492 0.272107 
9.75796 0.350303 
14.4297 0.127552 
11.6295 0.0855996 
0.000223348 0.315177 
11.1781 0.0585908 
11.2845 0.754008 
11.5666 0.160209 
4.70897 0.0896981 
10.1748 0.0835635 
9.88479 0.142774 
10.0189 0.0872541 
9.11131 0.233222 
4.46906 0.28131 
7.90423 0.120367 
0.934547 0.129293 
8.69615 0.195558 
10.3528 0.184399 
8.82318 0.256235 
1.85424 0.493233 
14.2743 0.237217 
0.00608189 0.0263156 
8.0733 0.141233 
9.84697 0.0356256 
7.97468 0.227097 
5.08372 0.622415 
9.88059 0.0481424 
8.20294 0.0195477 
2.3525 0.278096 
15.0074 0.245085 
1.19973 0.12042 
16.5126 0.33271 
26.3685 0.374161 
8.38203 0.149783 
14.6353 0.194645 
2.7559 0.0540795 
8.29273 0.263973 
12.3867 0.044247 
1.7581 1.22145 
1.36283 0.321478 
10.5384 0.121039 
0.924774 0.329972 
8.72933 0.0249916 
12.068 0.0227888 
6.61496 0.0265355 
9.69678 0.369961 
9.5776 0.0905411 
0.546734 0.407578 
1.29582 0.689331 
6.89317 0.408182 
9.40726 0.0102999 
8.70545 0.0664909 
8.40697 0.219648 
9.3512 0.084313 
5.72006 0.0564805 
8.4606 0.00795473 
8.39212 0.276378 
5.81079 0.105323 
7.46092 0.0807623 
9.5262 0.0242034 
0.772542 0.0777955 
11.3355 0.159206 
10.1959 0.130882 
2.37803 0.240804 
5.50418 0.491705 
0.0707315 0.0457082 
0.170189 0.0896431 
19.2914 0.342245 
10.3231 0.0856389 
8.75215 0.0490625 
17.0743 0.989481 
9.94224 0.0245125 
10.7694 0.0123803 
12.6032 0.426152 
10.4756 0.100077 
9.89518 0.0266385 
23.4558 0.715373 
1.63233 0.215355 
0.435126 0.185396 
9.52162 0.0205589 
13.8102 0.0367025 
9.37678 0.0284981 
9.84648 0.186647 
9.04914 0.117223 
13.1527 0.147201 
9.49394 0.0475687 
11.3382 0.266586 
7.9574 0.0530182 
7.60831 0.100186 
9.64756 0.0805772 
10.1911 0.0525339 
5.03418 0.199267 
4.89022 0.596007 
9.43085 0.276349 
8.9705 0.0416421 
12.0157 0.188556 
10.9728 0.0719602 
9.34104 0.046957 
8.32274 0.0843826 
0.942314 0.205106 
8.26394 0.129046 
11.6637 0.396441 
10.0516 0.0879901 
7.94058 0.222781 
10.8126 0.0524374 
10.3195 0.188278 
8.87095 0.0429481 
11.1759 0.110906 
10.4692 0.0445096 
11.7922 0.0283739 
9.66062 0.0483807 
7.9856 0.111124 
9.31756 0.0298476 
0.164413 0.141513 
10.5739 0.294305 
0.0535579 0.485179 
8.03417 0.250059 
8.5919 0.0209872 
10.1969 0.0168812 
12.2838 0.0965364 
12.3611 0.431596 
9.24419 0.0298254 
7.07276 0.062983 
10.5403 0.0713601 
7.38024 0.259339 
10.3896 0.0920839 
12.794 0.0747306 
0.089062 0.1425 
2.99032 1.23268 
13.9884 0.260141 
10.7606 0.488121 
5.22998 0.17667 
4.4435 0.516631 
9.2615 0.0346202 
5.38028 0.500747 
3.97204 0.37748 
9.63734 0.0834425 
10.9386 0.356087 
11.4345 0.0924586 
7.99848 0.154343 
7.0244 0.0444058 
2.04038 0.490899 
6.69933 0.0583472 
10.5899 0.0113639 
5.55122 0.0717764 
10.5056 0.369181 
0.0162812 0.0378833 
8.49916 0.504312 
16.799 0.298842 
6.71263 0.112218 
28.1019 0.446831 
8.07788 0.578483 
8.91698 0.238096 
4.73579 0.244815 
9.19185 0.0788827 
5.4812 0.516997 
14.4272 0.479609 
6.65338 0.491226 
12.2008 0.154491 
27.8981 0.498081 
24.7487 0.583946 
10.8847 0.0555574 
18.7315 0.416878 
8.00723 0.0668808 
11.7418 0.15404 
13.1945 0.727734 
10.486 0.111208 
0.327593 0.0697012 
10.8827 2.52854 
8.62981 0.130524 
0.818525 0.193457 
13.2733 0.284133 
1.01443 0.128982 
2.99554 0.124832 
12.2873 0.636761 
4.80273 0.139507 
16.8967 0.237123 
5.78586 0.115495 
9.72188 0.354094 
4.70155 0.0883432 
10.8018 0.0507063 
14.7402 0.301439 
1.95099 0.341701 
7.97417 0.057181 
10.3983 0.00429063 
9.45093 0.262762 
29.9887 1.08555 
9.7226 0.0120744 
8.57473 0.0856819 
1.45785e-05 0.0586129 
3.62993 0.344874 
1.20848 0.339251 
2.76889 0.308095 
9.36454e-05 0.0990942 
0.131486 0.0800327 
12.4675 0.247331 
0.623901 0.127335 
9.81884 0.00690197 
0.780818 0.55098 
8.22269 0.199115 
9.16096 0.00903059 
11.7283 0.0786128 
11.6859 0.0135931 
7.48469 0.212162 
16.2791 0.33864 
16.4967 0.437639 
10.9876 0.19787 
20.762 0.704594 
8.77727 0.201748 
11.5931 0.206401 
5.78176 0.159132 
9.11554 0.134783 
8.24149 0.375101 
3.54426 0.311984 
6.47411 0.0815209 
0.0266752 0.128054 
9.8247 0.0832635 
9.11818 0.080279 
2.41074 0.159031 
6.0163 0.121875 
2.90751 0.946505 
11.1076 0.0879572 
12.8273 0.220755 
13.0335 0.400372 
10.2214 0.12126 
4.19732 0.419215 
10.7195 0.130563 
1.07793 0.2377 
8.65806 0.0606302 
2.38145 0.116827 
5.64234 0.0494338 
3.90752 0.0982389 
0.675797 0.295323 
0.255162 0.514108 
0.881622 0.247379 
13.4067 0.773078 
3.55293 0.255021 
2.92237 0.119353 
10.4489 0.0246624 
11.5325 0.0733568 
10.7171 0.471151 
5.88941 0.291728 
3.39159 0.442471 
1.57038 0.289117 
14.1763 0.24794 
9.7492 0.234789 
11.7952 0.251403 
9.05861 0.0943032 
9.75661 0.16709 
8.59565 0.195149 
8.90075 0.0472927 
0.853571 0.370201 
1.37801 0.308591 
10.2303 0.359371 
9.90938 0.129664 
11.7674 0.0935355 
42.7659 0.644171 
25.0154 0.357592 
10.3503 0.0116309 
8.11376 0.10323 
0.0669166 0.683443 
0.527994 0.291406 
7.18901 0.049882 
5.23392 0.107753 
0.136317 0.0979185 
13.6024 0.544155 
1.36857e-05 0.0399456 
8.25035 0.257337 
0.110951 0.0668767 
9.2547 0.42137 
9.70802 0.490831 
8.76466 0.270282 
8.69765 0.199378 
8.96968 0.150243 
11.703 0.207915 
10.2753 0.240416 
22.9924 0.328383 
9.52812 0.0390543 
8.09581 0.28586 
8.9898 0.84615 
0.0474119 0.0129879 
13.7846 0.231762 
10.9259 0.63636 
9.5997 0.259489 
9.61122 0.129459 
9.17026 0.0915943 
9.24189 0.0245166 
7.69615 0.377933 
1.82381 0.417404 
9.80197 0.0781559 
10.727 0.0716169 
10.0442 0.0157304 
11.4752 0.0879922 
5.02572 0.407569 
13.9423 0.118269 
9.24061 0.0243404 
15.7756 0.229299 
12.8123 0.0190487 
9.68501 0.0638092 
27.0606 0.896725 
20.8855 0.363237 
7.54514 0.408092 
5.97931 0.0505188 
8.84472 0.0187517 
10.6664 0.00414175 
10.7975 0.438377 
9.1234 0.0970495 
10.2131 0.036404 
0.938298 0.385313 
14.4896 0.385218 
6.01542 0.485838 
9.62072 0.0739547 
8.19817 0.0706489 
3.18012 0.243326 
11.2484 0.241543 
0.07187 0.0484797 
10.2952 0.133856 
8.20728 0.122662 
6.75477 0.564772 
7.75689 0.0802577 
9.73363 0.0426268 
8.96809 0.059362 
2.75804e-05 0.0874335 
9.47437e-05 0.0130149 
8.49483 0.229858 
9.82905 0.492674 
4.77804 0.381294 
9.05486 0.143727 
9.55475 0.175136 
8.39483 0.129973 
6.70581 0.217467 
12.6479 0.246544 
10.8154 0.0766467 
11.1469 0.0494755 
10.164 0.168092 
10.9736 0.0801787 
5.05546 0.413059 
11.6686 0.160669 
9.16004 0.0394269 
0.826366 0.826445 
7.57621 0.0709826 
8.18333 0.643942 
12.7469 0.00863234 
3.59568 0.361773 
0.00762046 0.0557733 
9.62131 0.0651472 
0.838391 0.14103 
7.07231 0.249048 
3.97256 0.661466 
10.3116 0.181871 
4.84803 0.327904 
8.84091 0.17241 
8.9605 0.327614 
8.05716 0.0768855 
7.76079 0.0729278 
5.84386 0.236729 
10.9372 0.137944 
10.0827 0.265095 
6.86132 0.132853 
2.76258 0.227638 
10.5161 0.0707473 
8.73482 0.0801908 
13.4028 0.901416 
8.45401 0.0638595 
7.18326 0.766973 
7.08007 0.1179 
0.0113321 0.0612807 
9.22795 0.119894 
9.79923 0.0678227 
10.695 0.294003 
10.1653 0.305411 
11.231 0.0335555 
12.1792 0.166233 
6.84183 0.390283 
1.14241 0.327026 
8.45743 0.114685 
7.82308 0.0735923 
0.412337 0.29547 
11.2438 0.0471267 
2.73256 0.231895 
9.51325 0.0135803 
3.45674 0.253118 
7.78295 0.102335 
5.27033 0.247789 
5.43551 0.21737 
15.5827 0.199585 
5.78428 0.21758 
10.6065 0.108535 
7.36973 0.131756 
13.0594 0.0778818 
9.25803 0.0501797 
8.48378 0.144296 
9.39109 0.138743 
8.75142 0.162762 
9.86412 0.0189995 
25.0192 0.40372 
11.0005 0.130664 
14.1307 0.345784 
7.86904 0.519295 
8.76438 0.286718 
8.34666 0.254148 
6.54697 0.448719 
10.3503 0.36394 
8.86632 0.108745 
6.45621 0.605435 
9.48416 0.160814 
8.68925 0.0107184 
10.3029 0.00340727 
7.80605 0.0791336 
11.6603 0.149187 
2.52837 0.148251 
4.93872 0.160784 
8.53399 0.0498383 
1.97411 0.359769 
3.93138 0.784112 
11.6169 0.108393 
11.2452 0.135296 
11.6534 0.00878733 
5.77236 0.158583 
6.45597 0.333828 
8.48983 0.0788385 
5.25291 0.840473 
2.62145 0.31118 
0.90635 0.463456 
10.431 0.154845 
11.1947 0.143646 
1.86139 0.0824157 
11.2594 0.145966 
2.12708 0.301187 
8.71336 0.041933 
7.76841 0.115768 
2.32359 0.0828849 
8.19785 0.0263492 
4.70479 0.0469313 
7.9679 0.184733 
11.2666 0.107843 
6.77285 0.230085 
3.91738 0.514952 
11.0853 0.265918 
11.0538 0.0231679 
11.5881 0.144447 
7.07671 0.246533 
10.8187 0.328216 
10.4554 0.112719 
0.0144205 0.177143 
9.72169 0.239564 
7.99221 0.0295307 
0.3747 0.264115 
3.99035 0.834496 
8.69258 0.103132 
3.36103e-05 0.00920249 
11.8682 0.0872119 
5.62129 0.0957578 
11.0602 0.318449 
8.6669 0.0188817 
9.01712 0.0458885 
8.81128 0.162786 
13.407 0.255051 
0.316068 0.410078 
12.159 0.387648 
11.7279 0.239728 
11.2598 0.283569 
23.1342 0.648461 
8.22748 0.314342 
9.50192 0.417192 
7.74948 0.0767436 
8.34429 0.309489 
10.0527 0.01746 
8.92716e-07 0.0441877 
10.7096 0.247362 
4.76505 0.322823 
8.42859 0.0212956 
5.8298 0.502517 
9.26975 0.470174 
17.0549 0.233058 
1.04393 0.499872 
11.284 0.102698 
19.0549 0.404961 
1.55518 0.409966 
3.28808 0.445105 
11.8874 0.116302 
9.20237 0.0228296 
4.46474 0.235837 
10.1832 0.108346 
5.5003 0.3453 
2.24827 0.221582 
8.91504 0.00515919 
13.0813 0.317013 
2.57389e-05 0.681493 
0.190401 0.184832 
12.1667 0.0787691 
10.6453 0.0985594 
10.0616 0.463063 
37.6409 1.33218 
9.74522 0.0579077 
10.9087 0.0891043 
10.3033 0.181784 
9.49757 0.143312 
7.59559 0.327669 
16.183 0.594392 
0.37514 0.115307 
0.124648 1.50126 
8.97815 0.0270597 
9.64673e-05 0.0857143 
1.28661 0.581884 
1.21432 0.12364 
1.82776 0.0352887 
8.01557 0.0612267 
10.3192 0.198976 
3.95485 0.0296368 
13.8979 0.307734 
12.9554 0.0815827 
9.65872 0.0335332 
0.857666 0.176547 
0.00336877 0.193825 
9.79412 0.0155461 
10.1736 0.207369 
10.4133 0.333826 
7.71993 0.204232 
1.56644 0.0763208 
1.56129 0.0657275 
8.46492 0.137167 
0.325706 0.474149 
7.58023 0.155637 
4.06831 0.420554 
1.1992 0.0854263 
3.64148 0.833764 
11.0764 0.082166 
0.774499 0.622903 
9.08328 0.420012 
12.3942 0.428964 
9.29302 0.373211 
14.0316 1.64284 
7.54271 0.166128 
9.38493 0.462391 
10.6407 0.13588 
15.2857 0.149575 
11.3945 0.170507 
9.74972 0.209179 
9.52183 0.158077 
8.81602 0.280309 
3.09272 0.540495 
0.00561819 0.0124322 
12.1224 0.134272 
15.4436 0.207193 
6.95882 1.47783 
14.5519 0.603622 
11.5218 0.665419 
7.56992 0.177072 
14.9178 0.323353 
4.55118 0.224168 
16.3466 0.21489 
8.61492 0.468609 
8.51341 0.439504 
7.44306 0.150147 
13.3316 0.168808 
4.8291 0.378147 
11.1649 0.0871809 
6.13761 0.442038 
8.11361 0.156289 
11.0728 0.283574 
10.8221 0.0398931 
1.03798 0.366825 
0.854164 0.32015 
20.9988 0.532385 
9.54671 2.05044 
8.72602 0.0104213 
11.2867 0.197202 
11.8339 0.332827 
8.99215 0.118184 
4.65619 0.409986 
3.20961 0.186857 
8.68362 0.126696 
10.8954 0.05848 
9.19169 0.0381628 
2.75256 0.190101 
9.50219 0.0801843 
3.80762 0.335948 
4.23238 0.808907 
7.46647 0.0679406 
7.29278 0.135503 
9.22132 0.0689061 
10.3019 0.172141 
10.9445 0.204286 
8.79064 0.0698251 
9.11599 0.290956 
6.28737 0.14842 
1.49053 0.272141 
8.84696 0.36231 
0.357486 0.667895 
10.8808 0.302172 
12.3276 0.394783 
8.79483 0.0445267 
6.11933 0.252368 
6.92037 0.982101 
5.28941 0.315777 
9.60796 0.96865 
8.10236 0.240347 
0.0114391 0.0385529 
21.2135 2.13167 
13.4608 0.638109 
5.643 2.98369 
9.45739 0.329704 
1.96312 0.240238 
9.07241 0.0777366 
7.52032 0.0630501 
1.21168 0.218809 
8.73381 0.140748 
9.55802 0.275546 
9.27049 0.257239 
10.9511 0.552011 
1.77686 0.124301 
10.1313 0.0772549 
4.59942 0.28302 
8.79251 0.155546 
9.16258 0.528705 
5.75486 0.271968 
11.2955 0.148981 
12.0806 0.0520003 
11.3419 0.00595336 
14.4809 0.278165 
13.7813 0.391778 
7.64281 0.104933 
15.3941 0.168751 
2.46877 0.221878 
11.5099 0.158927 
6.28699 0.0795746 
11.0671 0.624892 
11.2081 0.142106 
9.15909 0.0478082 
8.52964 0.220835 
11.2486 0.174471 
11.51 0.0212925 
5.57243 0.426576 
6.46666 0.25986 
8.72476 0.204809 
12.6752 0.383455 
9.65139 0.0910465 
3.13189 0.376144 
3.32984 0.321254 
10.8672 0.503522 
3.45639 0.274138 
9.95526 0.292469 
10.3575 0.0759423 
11.9882 0.143071 
5.88432 0.232711 
12.4779 0.380915 
18.984 0.275215 
1.10026 0.128387 
9.37829 0.645993 
0.810115 0.331987 
11.2323 0.259965 
11.4283 0.0813434 
2.38318 0.525723 
2.8829 1.83198 
9.24603 0.0293894 
2.32599 0.200871 
6.38527 0.228829 
5.16159 0.450077 
5.826 0.218585 
9.06577 0.0477238 
9.29335 0.0880032 
9.2741 0.215866 
9.82001 0.0832804 
7.64237 0.235607 
12.0086 0.680571 
11.3716 0.201925 
11.6166 0.144612 
2.91457 0.473964 
11.1166 0.161216 
9.91659 0.115863 
29.448 3.10047 
9.37963 0.636962 
9.71602 0.1579 
8.69787 0.568766 
3.02973 0.186889 
13.5654 0.0640341 
10.8135 0.0962635 
9.75983 0.0176561 
8.78134 0.0487437 
22.1176 0.37188 
3.30106 0.356689 
2.0896 0.437139 
9.42239 0.0273097 
33.0811 0.381109 
10.564 0.085723 
9.01608 0.119296 
15.4698 0.192176 
5.06359 0.226197 
14.6507 0.178975 
12.4588 0.1399 
0.66569 0.129469 
13.9491 0.430039 
7.23426 0.0542166 
5.4599 0.436161 
6.79598 0.107229 
8.06346 0.20529 
8.63976 0.125469 
7.43486 0.2991 
6.76043e-05 0.0939142 
12.4195 0.2292 
5.93387 0.0676459 
10.4279 0.0985013 
4.59958 0.254961 
8.13018 0.142582 
1.77213 0.147427 
6.99438 0.1413 
8.66794 0.302304 
4.70011 0.272948 
9.8392 0.0655588 
9.21103 0.963092 
7.00953 0.429699 
0.588975 0.250777 
11.035 0.430432 
6.70934 0.220024 
4.28052 0.0623042 
7.34078 0.537499 
10.8773 0.0764862 
15.4599 0.361963 
5.78918 0.181547 
16.839 0.275127 
8.273 0.0369948 
9.73474 0.0327242 
2.51587 0.297371 
5.71007 0.42506 
8.4147 0.191988 
5.79416 0.135519 
20.5342 0.479159 
7.50482 0.158429 
15.0611 0.220095 
14.955 0.285601 
10.1185 0.0732826 
4.30652 0.179789 
6.98671 0.164798 
14.0551 0.182713 
3.50526 0.18493 
6.66575 0.30651 
7.03373 0.148396 
8.92097 0.547244 
0.0076994 0.027863 
10.8191 0.0810318 
14.0203 0.352251 
8.19658 0.0948772 
6.9948 0.354233 
5.24614 0.28541 
6.57109 0.0642772 
6.98503 0.0330917 
10.3464 0.0382466 
10.0337 0.0208174 
13.9433 0.155912 
3.15809 0.530424 
9.96843 0.0251987 
1.00532 0.235 
9.04019 0.145913 
9.26485 0.324007 
12.6275 0.600608 
8.57606 0.0366568 
2.22154 0.525257 
11.7173 0.291066 
1.68773 0.354647 
13.19 0.0836415 
13.7781 0.459717 
17.1703 0.39129 
8.74642 0.0796726 
8.87926 0.165871 
9.7159 0.0837008 
3.94179 0.468543 
6.66728 0.0370241 
8.18391 0.109287 
11.2079 0.278706 
32.5143 0.921005 
9.77224 0.0904505 
14.0275 0.151868 
0.319246 0.170453 
9.82327 0.558278 
10.0141 0.0328498 
9.78717 0.0195763 
11.8352 0.180864 
10.3779 0.140262 
1.12872 0.374245 
6.751 0.267238 
1.76773 0.148799 
11.5066 0.242048 
8.60292 0.112077 
3.90784 0.466012 
13.0164 0.0719291 
0.716388 0.343765 
16.9789 0.619124 
10.5934 0.145831 
1.71025 0.333084 
12.395 0.171711 
9.31011 0.270846 
9.24334 0.0180155 
2.71674 0.321429 
1.77155 0.176548 
9.42578 0.00810742 
3.80133 0.643698 
5.45997 0.188417 
9.04364 0.0746684 
17.0164 0.278261 
4.1368 0.260815 
4.37372 0.499188 
4.67325 0.192166 
7.79382 0.269504 
7.97427 0.325035 
7.94057 0.0511232 
11.0915 0.0914935 
7.74208 0.159859 
2.07986 0.0710491 
10.4747 0.358116 
5.53251 0.233235 
1.44871 0.246199 
2.59682e-05 0.108102 
3.44009 0.126382 
11.1715 0.21996 
8.90832 0.301131 
0.000124109 0.330756 
9.90422 0.145204 
12.2592 0.300503 
9.15064 0.130969 
5.83569 0.610873 
0.209648 0.0451063 
10.3883 0.102235 
10.3863 0.114827 
6.90725 0.188304 
7.40356 0.306499 
10.2699 0.521807 
3.54969 0.0829884 
11.6668 0.0999238 
11.6416 0.0547017 
9.02762 0.108545 
11.1593 0.0759638 
8.14305 0.120102 
5.4754 0.270784 
5.33953 0.067989 
11.0178 0.089486 
7.46596 0.677563 
0.418531 0.0925406 
5.44171 0.124149 
10.085 0.0220673 
10.722 0.0858494 
1.08296 0.145459 
11.8812 0.224977 
8.28161 0.0424654 
2.85097 0.198087 
10.2957 0.126356 
42.8301 0.745551 
0.00676023 0.0162315 
2.01636 0.0714294 
0.000278252 0.13339 
12.096 0.292691 
2.17308 0.08203 
10.7097 0.271483 
7.2169 0.378299 
8.88167 0.112667 
8.68035 0.123012 
10.5623 0.0391583 
2.28502 0.272464 
1.60804 0.148307 
8.10333 0.124231 
10.7068 0.0870034 
9.92724 0.0946129 
5.29563 0.233858 
2.41172 0.373668 
3.77279 0.121875 
8.73098 0.236956 
10.4426 0.124255 
9.30151 0.158622 
8.9598 0.0854924 
6.83174 0.155148 
8.55886 0.0435095 
7.96497 0.107396 
4.12797 0.249257 
7.98708 0.398877 
4.15074 0.187451 
3.06559 0.236007 
10.0456 0.0738118 
2.57804 0.220434 
10.5655 0.0099089 
3.65944 0.189306 
12.0145 0.0445912 
8.69242 0.0391387 
1.47226 0.505722 
2.59619 0.325081 
0.680875 0.419038 
1.83395 0.407745 
7.36674 0.326309 
11.041 0.10397 
3.78337 0.131364 
10.5707 0.190312 
0.000386688 0.673036 
1.53379 0.392166 
8.83428 0.0647647 
6.83655 0.0931713 
9.13197 0.321865 
17.0306 1.05855 
0.8393 0.283014 
12.0992 0.298243 
10.126 0.295668 
9.4261 0.101809 
7.88237 0.296038 
9.93747 0.228755 
0.836173 0.55648 
6.00502 0.203901 
5.70545 0.221245 
33.2408 0.838995 
6.54556 0.383338 
9.73921 0.126616 
15.1906 0.446897 
6.67652 0.286681 
0.547237 0.217087 
1.88641 0.386735 
12.1166 0.362282 
5.40817 0.492968 
35.5492 1.69926 
14.8855 0.308982 
10.3562 0.0902199 
8.99828 0.106296 
6.09645 0.420801 
9.572 0.173924 
10.6499 0.131662 
3.06244 0.12897 
7.38569 0.140333 
10.2241 0.168709 
1.67356 0.777223 
20.8843 0.671993 
14.5376 0.588868 
10.6893 0.0520403 
10.6167 0.460223 
8.74184 0.0164135 
9.36249 0.0671313 
8.76681 0.147544 
14.0352 0.182298 
12.1059 0.0430633 
11.1514 0.255338 
0.223558 0.259608 
4.65814 1.77904 
10.6007 0.0598358 
9.5019 0.0237215 
9.80645 0.225675 
4.79821 0.299927 
10.3178 0.0477869 
0.256119 0.0544412 
10.7677 0.238326 
3.95893 0.264339 
17.1839 0.165135 
7.61291 0.177384 
7.12194 0.221106 
9.31821 0.0719658 
6.5397 0.0942806 
9.11668 0.165 
0.654551 0.192492 
7.1926 0.170102 
11.7912 0.280622 
11.2108 0.0352957 
8.78131 0.0345171 
9.32598 0.0344134 
0.669797 0.209378 
11.3507 0.19542 
12.7588 0.476396 
11.3592 0.435462 
0.454226 0.801756 
7.8065 0.39886 
4.27895 0.431718 
12.6675 0.0256642 
0.192916 0.0438857 
3.91287 0.434375 
10.0473 0.186725 
1.39191 0.500611 
12.5935 0.0316897 
9.56183 0.0706184 
9.44202 0.0688879 
12.0622 0.263188 
9.05997 0.228887 
1.6665 0.778506 
7.75947 0.101745 
9.15654 0.0184002 
8.43259 0.0215142 
0.276202 0.701032 
1.23774 1.24474 
10.2946 0.312502 
12.0668 0.128957 
6.0027 0.186476 
4.32499 0.214313 
18.0625 1.26449 
0.0413707 0.0465781 
19.87 0.355296 
1.91989 0.419588 
11.9913 0.0987266 
8.20886 0.330232 
10.1479 0.344191 
1.15192 0.214058 
12.3255 0.286796 
7.73427 0.236264 
7.87033 0.224299 
10.823 0.987071 
9.53697 0.0148135 
0.10923 0.0934954 
8.02397 0.0786243 
9.3679 0.176202 
1.31438 0.0674732 
10.524 0.0417185 
1.17029 0.219482 
8.79562 0.0574856 
13.1916 0.783913 
14.5211 0.202028 
13.2991 0.233678 
9.28948 0.295122 
9.63372 0.0286589 
11.1117 2.08376 
19.8551 0.40135 
9.02045 0.139558 
8.59445 0.344339 
14.7634 0.306856 
1.71576 0.589135 
9.02191 0.642442 
5.14922 0.0707705 
11.5153 0.295511 
2.16646 0.239463 
10.3973 0.100847 
10.3203 0.0207793 
4.84195 0.480358 
10.3173 0.499365 
10.0911 0.0815419 
15.3818 0.218518 
20.2924 0.370931 
2.08747 0.375206 
12.2276 0.250926 
0.434431 0.245142 
7.18341 0.130647 
16.1806 0.214519 
13.9847 0.666559 
2.53566 1.08538 
5.13594e-05 0.217475 
9.82901 0.20688 
8.21419 0.144661 
14.4728 0.254391 
0.394572 0.356294 
11.7479 0.276564 
6.63476 0.487485 
2.49884 0.304487 
9.65071 0.0381674 
14.821 0.255349 
15.1978 0.407996 
9.58565 0.141755 
13.7078 0.185079 
14.7758 0.145147 
9.89257 0.19619 
7.94526 0.221473 
13.4858 0.251035 
11.0959 0.529812 
11.3538 0.204025 
25.8739 0.566516 
10.4231 0.0405085 
10.5667 0.341614 
24.4506 0.78185 
21.6652 0.659137 
17.9724 0.678909 
9.89201 0.191704 
8.66465 0.0166096 
10.116 1.73019 
0.781577 0.164717 
0.70332 0.746209 
8.40705 0.357971 
0.71405 0.00809861 
0.0646397 0.109109 
28.0028 0.487136 
21.8236 0.298017 
13.7448 1.48254 
9.47689 0.162842 
8.43746 0.149192 
14.8352 1.06281 
2.09916 0.102564 
25.7599 0.828795 
1.33328 0.188335 
10.9063 0.00669107 
3.3481 0.126646 
6.30757 0.121248 
3.18009 0.331073 
6.49157 0.286734 
10.4253 0.0838214 
4.69504 0.195139 
5.9436 0.0928778 
8.90358 0.224059 
13.6427 0.0128342 
11.1995 0.320719 
6.29967 0.0497885 
4.93224 0.241119 
0.517661 0.389617 
13.2899 0.246916 
10.4965 0.0496272 
9.10087 0.0476651 
10.5252 0.00540496 
9.86124 0.0484657 
10.4762 0.0913774 
10.082 0.61141 
9.44116 0.0534772 
2.04126 0.432814 
8.82664 0.18634 
11.2943 0.353124 
9.38211 0.200427 
9.22282 0.0276909 
9.55087 0.186442 
9.78733 0.0100304 
10.177 0.0438359 
6.15865 0.240314 
9.94224 0.212171 
4.80604 0.0996832 
10.1109 0.0211311 
7.0819 0.162615 
7.86928 0.273618 
3.93073 0.415914 
11.9242 0.111304 
17.0183 0.270807 
13.0372 0.47264 
9.48361 0.0853648 
2.75384 0.203805 
12.0833 0.0220355 
10.6209 0.0588837 
9.72947 0.179056 
7.64968 0.348159 
8.50129 0.210159 
8.10387 0.410616 
9.91185 0.1484 
10.5784 0.14604 
8.60485 0.131292 
8.82129 0.123239 
7.13508 0.160503 
20.7902 0.49753 
9.32656 0.109005 
8.81751 0.281643 
8.40537 0.113294 
5.89707 0.2537 
8.80999 0.190187 
6.06212 0.218249 
2.85637 0.24074 
1.28193 0.385852 
0.000205484 0.100251 
9.91102 0.0732866 
2.21347 0.434935 
10.3764 0.0336929 
7.77669 0.20648 
10.9818 0.18338 
9.98814 0.0943992 
8.19729 0.136886 
6.86369 0.441053 
1.27269 0.251229 
3.96203 0.321235 
4.94886 0.105881 
9.43056 0.0140079 
7.33178 0.205604 
6.38538 0.126285 
11.1578 0.308831 
11.642 0.0928073 
9.73514 0.0492076 
9.64245 0.15207 
10.4556 0.0401338 
3.1819 0.285397 
10.9571 0.287179 
11.0533 0.0469314 
1.28543 0.0846939 
7.17283 0.176064 
12.1631 0.421577 
1.31063 0.223401 
11.4169 0.0919957 
1.51623 0.0858933 
0.432748 0.234468 
12.6336 0.297486 
16.5163 0.428726 
11.9717 0.308575 
6.86699 0.372422 
5.66835 0.067843 
11.1584 0.0099957 
1.91899 0.14604 
2.74651 0.305435 
5.83762 0.527668 
0.286186 0.253879 
3.70453 0.116435 
9.5218 0.0542842 
11.3459 0.247209 
7.80931 0.0955986 
6.1427 0.225978 
9.02215 0.0387224 
13.0394 0.214914 
5.75628 0.0971083 
8.32208 0.0373812 
9.04847 0.284539 
8.86263 0.0413287 
7.23979 0.0992432 
10.8873 0.0732612 
1.01871 0.172749 
9.48645 0.200893 
7.47259 0.0795262 
9.50434 0.0462466 
12.5705 0.232647 
11.1435 0.0386416 
10.2188 0.0646903 
1.49361 0.435632 
10.8013 0.173026 
0.232974 0.210491 
9.16516 0.107676 
9.35892 0.112898 
8.12019 0.098752 
7.31769 0.500838 
3.34994 0.291332 
9.92214 0.03446 
9.53843 0.167304 
14.0705 0.381631 
4.93837 0.239529 
7.33141 0.0524437 
0.573247 0.385584 
9.3059 0.0275748 
7.49666 0.171364 
10.5703 0.110284 
9.63624 0.0501104 
12.4311 0.21608 
0.291654 0.244109 
8.95607 0.0811351 
11.8262 0.16012 
8.70446 0.109161 
9.05613 0.0289727 
18.6672 3.17722 
9.80105 0.174159 
10.4895 0.193582 
10.355 0.00599029 
11.1509 0.0450716 
9.65593 0.0214271 
7.98134 0.250534 
9.52421 0.232968 
6.61347 0.123748 
11.8994 0.0840585 
13.9235 1.78177 
10.9315 0.0146962 
1.86239 0.0425619 
9.47525 0.0462758 
3.29616 0.218248 
9.83894 0.0637804 
10.9342 0.250999 
1.36901 0.202594 
8.83729 0.319252 
12.5552 0.197389 
10.3663 0.127577 
9.11779 0.0301719 
0.0325864 0.102006 
20.2171 0.229213 
5.43867 0.0113137 
12.4351 0.93535 
10.1988 0.133963 
10.1799 0.279706 
13.8484 0.215582 
1.33289 0.294613 
6.91582 0.269698 
13.6996 0.835197 
3.99417 0.207742 
2.35171 0.1695 
7.55904 0.0991041 
4.54029 0.233579 
2.87049 0.411686 
26.7366 4.04445 
11.8507 0.0225014 
9.78642 0.396538 
10.1078 0.0764581 
9.39622 0.113004 
9.30297 0.143897 
10.732 0.290374 
6.00957 0.0921469 
9.70538 0.15062 
10.9553 0.0757308 
11.0652 0.0785328 
11.5608 0.139946 
9.77574 0.161092 
5.43521 0.264782 
9.15373 0.0399976 
7.29882e-05 0.204925 
10.39 0.0623467 
2.15053 0.0201345 
8.8892 0.0920683 
4.72805 0.25706 
9.8137 0.114796 
9.61681 0.0866216 
8.8302 0.0207032 
3.35059 0.0279494 
11.0549 0.0512414 
8.22763 0.0362559 
13.2052 0.132205 
0.0372696 0.090468 
2.30662 0.134146 
2.1867 0.492955 
30.3002 1.45882 
14.4377 0.473283 
2.19905 0.220781 
8.57785 0.628677 
11.0493 0.219415 
4.55179 0.161809 
1.59257 0.792113 
7.93151 0.647595 
7.24531 0.110792 
11.5989 0.202675 
7.31114 0.0408112 
15.7925 0.711568 
7.16554 0.0103947 
2.00779 0.264154 
1.94569 1.06588 
5.31964 0.529771 
3.4318 0.290967 
1.37618 0.0558314 
12.3645 0.085887 
3.56314 0.162736 
9.37902 1.60631 
9.02555 0.00710794 
11.2334 0.112725 
8.96131 0.17622 
10.4604 1.18042 
10.9183 0.126085 
5.90369 0.222771 
11.3833 0.114501 
9.25963 0.324466 
10.6761 0.296965 
0.329458 0.295069 
2.01488 0.384484 
9.33761 1.2684 
5.21931 0.35707 
4.93155 0.263322 
1.88205 0.476587 
0.777143 0.337926 
9.93633 0.00644449 
9.02707 0.024183 
9.80111 0.0284545 
9.58086 0.229491 
10.1925 0.0518185 
9.39623 0.0402352 
18.8054 0.435923 
7.0759 0.330645 
15.925 0.239734 
3.09822 1.06368 
9.47959 0.121103 
8.4029 0.0883482 
12.3797 0.127918 
13.689 0.259949 
2.44662 0.250452 
6.70666 0.0909733 
3.87498 0.242746 
6.7993 0.267474 
6.08718 0.395643 
3.4377 0.732435 
3.51169 0.264561 
1.37416 0.0988167 
0.310658 0.0492238 
7.7878 0.15992 
9.05816 0.177048 
11.6665 0.261998 
14.7967 0.317313 
3.5038 0.0692319 
10.1269 0.0100359 
8.16433 0.0916396 
3.17562 0.519975 
9.78894 0.234421 
2.52228 0.553278 
16.1099 0.392053 
11.7064 0.608886 
9.31422 0.41501 
15.4904 0.17672 
0.539749 0.491767 
11.7103 0.323401 
24.6193 0.524749 
1.16311 0.474012 
7.2271 0.13872 
8.72505 0.356485 
2.82103 0.339393 
0.362928 0.172475 
5.26944 0.291748 
10.7174 0.0427996 
8.11996 0.525831 
9.89166 0.0082703 
5.87428 0.257687 
6.9645 0.19894 
3.77954 0.279864 
6.70455 0.234809 
10.761 0.0257571 
10.2258 0.0200025 
0.398549 0.278789 
4.93523 0.187153 
8.98345 0.446623 
6.80602 0.13264 
1.06039 0.240516 
23.9503 1.74722 
2.22342 0.0696806 
9.82094 0.131853 
1.39536 0.281835 
8.72144 0.174223 
10.4322 0.035998 
7.09893 0.146717 
8.87398 0.386186 
9.78694 0.111068 
16.0164 2.80918 
6.28525 0.035534 
39.6278 0.82276 
2.17534 0.173488 
0.778485 0.0709515 
1.90712 0.368221 
12.6445 0.138983 
13.4099 0.190769 
10.6392 0.255755 
1.45221 0.25433 
11.8328 0.303374 
5.59341 0.116074 
16.8239 0.370233 
0.00804405 0.0177953 
0.00978718 0.0351338 
4.53032 0.423744 
10.5968 0.363715 
8.87296 0.0311469 
11.8047 0.439817 
2.02396 0.275926 
10.59 0.258996 
11.3314 0.787688 
15.915 0.401411 
6.69094 0.140483 
10.4519 0.129861 
7.3095 0.0115884 
3.16525 0.380023 
7.89709 0.0148219 
1.45045 0.0823296 
1.06158 0.161224 
9.78035 0.242649 
7.16767 0.324292 
4.89224 0.418132 
4.61628 0.619475 
20.7976 0.402136 
10.7625 0.373837 
14.42 0.612702 
22.796 0.56598 
6.41201 0.332914 
12.3402 0.0650521 
2.42114 0.0992033 
4.58853 0.427377 
8.58388 0.34963 
9.76683 0.057311 
10.3583 0.228477 
8.94512 0.0781604 
10.6202 0.0141232 
8.69487 0.0315827 
9.88092 0.109653 
9.33145 0.0246939 
8.90511 0.0438243 
9.55973 0.0199649 
5.05078 0.189549 
9.65936 0.0711821 
17.809 2.32707 
9.29383 0.256863 
9.67106 0.0896633 
3.42283 0.320183 
15.1759 0.282981 
9.77117 0.0522591 
10.0801 0.113101 
8.28616 0.00358774 
14.4194 0.319718 
7.60741 1.4259 
10.7772 0.0826668 
10.319 0.0204212 
8.84853 0.0307524 
1.52274 0.228876 
8.71934 0.0566377 
10.2084 0.0597519 
11.2162 0.165077 
8.56577 0.733622 
8.02538 0.162656 
7.68034 0.303146 
6.08938 0.276991 
7.47151 0.147935 
13.2267 0.292056 
4.52776 0.0948071 
9.22873 0.0118576 
12.3999 0.279352 
9.30757 0.313685 
11.6156 0.443834 
11.1307 0.287781 
25.184 0.376841 
2.81047 0.141965 
1.49229 0.128363 
0.807298 0.111538 
15.527 0.22822 
5.18997 0.272485 
10.9878 0.0644733 
4.43379 0.518111 
0.458653 0.270164 
4.3285 0.167815 
10.8053 0.128063 
12.9713 1.97928 
9.75071 0.0171078 
2.04586 0.19109 
13.421 0.0723745 
20.6387 0.286887 
16.2568 0.868759 
1.34969 0.253582 
0.603862 0.149636 
8.92139 0.0405739 
9.26516 0.10785 
0.039233 0.0149464 
5.64994 0.0479965 
8.10561 0.19219 
0.5099 0.164525 
7.76234 0.163931 
11.0309 0.0097 
7.83919 0.141859 
10.3155 0.0681162 
0.55703 0.306095 
8.38479 0.295652 
10.5373 0.163417 
1.72518 0.0407403 
10.9146 0.136558 
13.6061 0.157348 
4.26638 0.559551 
16.1976 0.37845 
13.5201 0.136086 
1.49157 0.251229 
5.76668 0.630661 
14.722 0.215762 
8.46979 0.0601464 
4.36324 0.528104 
9.52211 0.118303 
8.09414 0.117829 
3.86259 0.326062 
10.6933 0.395653 
10.7501 0.239404 
8.7431 0.496549 
4.58246 0.222556 
1.42608 0.299151 
12.1491 0.118691 
8.64672 0.149649 
4.16725 0.401143 
9.1354 0.0770227 
3.82351 0.335098 
4.16161 0.200327 
0.295051 0.15394 
13.3067 0.253179 
10.3654 0.170808 
14.3631 0.418353 
8.72109 0.129788 
5.87496 0.109584 
3.40335 0.261493 
5.47122 0.356211 
19.5989 1.29642 
10.6979 0.344036 
8.21197 0.192354 
0.720966 0.380341 
9.38261 0.0364901 
10.7047 0.0600725 
14.86 0.18951 
7.4672 0.261346 
13.4722 0.341187 
0.0722815 0.0557807 
6.81925 0.332574 
10.2885 0.0960839 
7.93582 0.391004 
8.72903 0.237188 
11.3817 0.0744335 
0.631787 0.375088 
10.7273 0.0702677 
10.3961 0.00393481 
15.2362 0.135256 
11.2518 0.0762879 
9.59727 0.276943 
11.5809 0.0262546 
10.3872 0.0177701 
12.359 0.238691 
6.72023 0.103535 
4.06479 0.101237 
10.6775 0.165497 
8.51802 0.0180795 
20.1193 0.310664 
12.918 0.117014 
3.49273 0.673963 
10.6814 0.125547 
9.27406 0.00878164 
9.85537 0.0311143 
8.73456 0.0836345 
3.22716 0.306335 
11.7429 0.223935 
10.6753 0.201342 
2.66685 0.229664 
9.72269 0.057096 
8.27197 0.109262 
10.2689 0.000700852 
6.81679 0.139492 
9.49734 0.381936 
4.57204 0.240306 
8.27783 0.253318 
12.7701 0.0737268 
8.36351 0.123008 
14.3276 0.373139 
4.45587 0.190918 
10.8148 0.149113 
0.00491166 0.178537 
10.3071 0.134982 
0.0418067 0.365 
6.60449 0.124763 
10.8507 0.116217 
3.9658 0.26891 
10.6509 0.082835 
0.202897 0.295151 
14.1695 0.180378 
9.71437 0.301477 
1.62271 0.252031 
9.44533 0.235412 
4.46188 0.643843 
9.68662 0.079296 
9.42038 0.134491 
9.06423 0.0294925 
10.1504 1.10155 
8.53356 0.0133226 
5.69846 0.0845996 
10.0021 0.101991 
11.5231 0.247134 
15.0248 0.244282 
4.43645 0.265588 
6.75103 0.24991 
7.5611 0.333949 
3.99948 0.0918011 
8.06901 0.0193652 
4.96626 0.273194 
12.499 0.409394 
10.7636 0.14345 
10.7352 0.24937 
0.600804 0.416865 
0.839831 0.627393 
6.48709 0.538613 
10.1109 0.347231 
7.00317 0.339761 
17.9655 2.16636 
11.3987 0.0469812 
7.55548 0.0968621 
15.9855 3.64833 
2.28266 0.30372 
6.96054 0.452857 
0.967055 0.218624 
14.0197 0.310148 
5.14365 0.281044 
13.5936 0.29243 
0.67258 0.135232 
0.336486 0.0756858 
0.366931 0.157635 
10.654 0.110239 
0.917492 0.0776262 
9.97283 0.117413 
4.55524 0.0683892 
9.76776 0.0347625 
11.7429 0.200187 
6.95814 0.0797413 
10.5193 0.208397 
9.53763 0.139398 
10.8416 0.209208 
9.58482 0.0100034 
8.08504 0.0658995 
23.0009 0.636572 
0.450053 0.198169 
1.07668 0.213734 
0.231587 0.125794 
9.05461 0.0680274 
8.61814 0.205637 
17.2977 0.113431 
11.5504 0.0745046 
11.5009 0.119551 
10.6798 0.0260354 
17.796 0.22858 
11.4734 0.336457 
1.90569 0.486243 
0.659106 0.289194 
4.34964 0.408216 
13.1198 0.141734 
0.785159 0.154412 
14.3045 2.12784 
10.0127 0.0211554 
10.4156 0.0217986 
1.5201 0.562299 
12.1376 0.119654 
0.211793 0.454836 
11.0142 0.00633656 
0.00783343 0.157333 
2.62078 0.234758 
7.78504 0.353777 
19.7624 0.607298 
8.46564 0.617853 
11.4849 0.294876 
10.8312 0.128996 
9.97682 0.109787 
19.8291 0.45695 
11.9241 0.339759 
7.47423 0.0789752 
3.73377 0.445387 
9.10817 0.0374054 
10.433 0.0491006 
0.597476 0.466634 
3.77643 0.544114 
11.2787 0.297791 
1.66222 0.0584614 
14.7909 0.521602 
3.33734 0.179923 
7.98638 0.0606416 
11.868 0.457678 
13.6945 1.00669 
2.69284 0.168828 
9.81211 0.293064 
6.29248 0.659477 
6.31484 0.172171 
14.817 0.274944 
10.731 0.109454 
2.64077 0.541095 
10.4951 0.0146404 
11.3604 0.191405 
12.6222 3.93466 
12.6916 0.0671716 
12.4271 0.242659 
9.20376 0.118283 
10.683 0.0943384 
2.48003 0.36296 
7.59877 0.0702677 
11.8979 0.0758187 
15.6366 0.213531 
7.79105 0.223015 
8.98615 0.0120891 
8.8379 0.0166302 
0.70663 0.719886 
9.92221 0.0504967 
12.876 0.138218 
8.13532 0.130206 
16.2183 0.410788 
12.2733 0.429443 
7.88256 0.0251727 
6.7044 0.146404 
4.15675 0.252437 
15.3641 0.439849 
3.95669 0.527274 
10.9959 0.0229039 
13.4251 0.293516 
8.71085 0.0148219 
0.732693 0.190793 
8.67911 0.0725812 
9.67521 0.040108 
6.1684 1.22097 
9.64511 0.67613 
8.006 0.341923 
7.79658 0.0379848 
2.8398 0.380152 
14.5238 0.379861 
10.2074 0.0977477 
4.02482 0.193662 
3.37751 0.473614 
9.98047 0.163505 
9.58208 0.0361787 
10.7963 0.38253 
9.66882 0.0572264 
9.73938 0.0112495 
12.6451 0.146838 
5.34892 0.634146 
10.35 0.243331 
11.406 0.299317 
5.00086 0.121688 
9.6525 0.211271 
1.60775 0.371566 
0.109333 0.621708 
5.16007 0.179351 
22.2873 0.563118 
8.2409 0.0963148 
10.4121 0.0958709 
8.06368 0.0404142 
10.2563 0.187401 
4.00804 0.397495 
11.321 0.201405 
10.9694 0.0462958 
10.5364 0.0649028 
1.38226 0.272437 
8.56796 0.0799014 
15.2091 0.219763 
12.8591 0.289695 
10.0433 1.63015 
26.9231 1.89885 
3.42179 0.168505 
13.4074 0.113814 
10.3974 0.19137 
3.50259 0.195406 
8.63468 0.0116785 
2.09852 0.130567 
2.08557 0.265568 
10.6568 0.0827307 
10.9619 0.12223 
7.02559 0.35659 
8.45285 0.266545 
4.49408 0.139831 
8.30936 0.558966 
15.1123 0.530483 
10.0283 0.294698 
0.100296 0.0642468 
10.8732 0.0985411 
14.0823 0.839275 
20.9227 0.323248 
9.75916 1.38095 
14.5912 0.392408 
11.5014 0.211166 
11.5189 0.253899 
13.015 0.279037 
39.2883 1.2597 
37.1989 4.02571 
2.55354 0.431753 
11.679 1.59328 
1.3639 0.834488 
11.1584 0.00488434 
3.53601 0.557134 
0.000251844 0.179407 
9.44162 0.26093 
12.9402 0.199313 
9.76998 0.0178586 
10.1399 0.066461 
12.6152 0.204445 
2.83334 0.224706 
14.8421 0.151389 
8.47651 0.681901 
5.90022 0.378529 
11.6814 0.130164 
0.96795 0.0468629 
0.0818013 0.0181037 
4.60272 1.15555 
17.765 0.484398 
1.05253 0.0620971 
8.6176 0.276227 
4.78064 0.275956 
11.0136 0.00603365 
7.20959 0.360187 
5.36641 1.68067 
2.85106 0.150492 
6.69486 0.291791 
10.2112 0.210034 
9.41136 0.223799 
9.8823 0.00776429 
9.30502 0.00855372 
11.1777 0.0387248 
9.99271 0.0722254 
11.0883 0.346044 
0.696543 0.123063 
10.8378 0.321651 
6.74422 0.208831 
5.11805 1.13546 
10.2331 0.237685 
19.7817 0.289839 
9.06333 0.180039 
2.28038 0.120379 
10.1966 0.0191998 
7.80192 0.27468 
11.1815 0.320527 
10.069 0.20236 
11.0909 0.211516 
11.1265 0.157251 
7.96655 0.17077 
1.72676 1.05574 
9.34315 0.414457 
40.6933 1.64063 
9.96289 0.0744034 
1.94905 0.859194 
9.37662 0.106928 
8.6102 0.0406878 
0.994675 0.218012 
8.54667 0.0110926 
0.096954 0.0241557 
4.96022 0.0799019 
10.1092 0.138782 
0.0530967 0.0261163 
5.71904 0.170396 
8.28801 1.76629 
11.8456 0.363409 
1.95657 0.101798 
3.81267 0.126847 
1.01384 1.04017 
0.514891 0.335005 
0.29679 0.129142 
2.63144 0.304002 
10.2725 0.277828 
11.4599 0.140169 
4.0995 0.283897 
9.62263 0.0759743 
9.81405 0.1929 
0.364098 0.18475 
10.4038 0.188947 
22.9939 0.626043 
11.6343 0.0119408 
8.1332 0.0955948 
3.67624 0.34528 
2.79975 0.265992 
10.251 0.226106 
10.499 0.014536 
13.6224 0.443345 
12.2791 0.211348 
29.2867 0.770299 
10.4092 0.0234692 
7.79464 0.122531 
9.22254 0.241251 
8.66783 0.244438 
19.266 0.365779 
2.46426 0.156641 
1.12247 0.195907 
10.085 0.106609 
10.0729 0.13979 
7.96166 0.14973 
10.1213 0.143227 
4.73905 0.417404 
0.000352732 0.196731 
8.30041 0.160264 
6.43977 0.203109 
12.2954 0.270091 
10.74 0.0373751 
9.06908 0.076411 
7.99162 0.202568 
9.61323 0.375948 
10.4289 0.0156819 
11.6199 0.0309967 
9.35221 0.0394853 
9.62811 1.27073 
7.21564 0.0770147 
11.974 0.0306324 
7.37533 0.132917 
1.35471 0.234216 
0.0375056 0.115317 
10.5031 0.0698401 
10.6365 0.130728 
10.8557 0.0181737 
16.5247 0.35992 
9.33346 0.00420626 
4.85722 0.250842 
3.94556 0.218749 
15.6723 0.234949 
8.67413 0.0441101 
12.8438 0.0245432 
6.07318 0.551861 
8.79789 0.0425243 
14.5566 0.195677 
0.0431595 0.0217081 
6.0167 0.236467 
7.89229 0.194099 
14.8899 0.286525 
11.8166 0.197601 
10.7774 0.0971896 
10.7491 0.0831518 
8.6173 0.229087 
7.45966 0.0875416 
9.51948 0.235319 
2.3232 0.244285 
2.91714 0.102112 
14.4526 0.396891 
11.1663 0.161128 
4.19268 0.128569 
9.31129 0.119857 
9.14289 0.117977 
10.7924 0.030622 
2.20089 0.263216 
2.02123 0.0930667 
10.6938 0.170671 
10.0594 0.521028 
6.74334 0.20557 
17.7252 0.347847 
4.90806 0.223612 
11.2616 0.208359 
2.43011 0.356272 
7.17355 1.01678 
13.5433 0.250123 
0.265561 0.0808642 
10.866 0.369148 
9.81017 0.0335439 
8.30625 0.28151 
5.25856 0.181056 
7.87219 0.192465 
7.19287 0.23551 
7.59054 0.216526 
11.6805 0.158029 
9.633 0.275591 
8.52971 0.190679 
6.62009 0.122706 
8.63089 0.113634 
10.0177 0.0560378 
7.52326 0.0512491 
11.5379 0.106996 
2.38222 0.339696 
10.1789 0.0379335 
10.4005 0.134766 
0.665459 0.149229 
6.06473 0.211793 
2.15774e-05 0.0965291 
9.10263 0.0224917 
0.270594 0.337467 
0.664046 0.199843 
9.81042 0.105629 
3.40654 0.111093 
15.4359 0.145785 
1.58994e-05 0.100873 
6.9442 0.148463 
9.88201 0.251685 
8.83307 0.0932672 
7.89973 0.205723 
3.06609 0.336714 
9.22977 0.177638 
6.20727 0.0497252 
1.11146 0.395285 
2.53035 0.645896 
10.2491 0.15481 
0.557675 0.177957 
9.60581 0.146035 
8.66165 0.235906 
6.2782 0.323115 
2.6466 0.0544603 
11.8997 0.0738269 
11.812 0.086751 
13.0209 0.360078 
8.28854 0.112518 
10.4897 0.36637 
9.67831 0.374759 
8.92743 0.0256828 
8.54132 0.0511395 
8.97357 0.256739 
10.6671 0.0743977 
9.34484 0.0294906 
11.3386 0.00488744 
0.855286 0.276946 
9.9965 0.0354992 
9.7301 0.412785 
4.53769 0.118731 
12.6055 0.190601 
11.9375 0.233324 
5.42396 1.19039 
10.9723 0.118839 
0.0407309 0.0831427 
19.5612 0.789347 
10.1009 0.0913776 
7.59356 0.180111 
9.12759 0.0490958 
5.11772 0.380269 
24.6587 0.0104831 
9.37041 0.049777 
9.73737 0.393589 
4.21736 0.175137 
10.3151 0.0252928 
13.5 0.284392 
10.5261 0.0316385 
8.45897 0.262597 
10.9239 0.0739543 
9.40262 0.0346591 
11.0995 0.0161365 
1.80252 0.329745 
11.968 0.0994665 
8.93088 0.177974 
7.84445 0.230195 
10.6637 0.13193 
11.3817 0.0191447 
8.81635 0.913161 
0.148195 0.219972 
4.87445 0.102398 
15.6391 0.540114 
8.62926 0.087502 
9.5734 0.137275 
3.57248 0.320374 
10.8762 0.109112 
10.98 0.0990887 
6.91458 0.118064 
10.3594 0.293848 
9.78044 0.0671525 
6.83818 0.0799003 
9.1079 0.190742 

