0 0.956128 3.07482 0.861032 
0 0.588315 2.45475 1.23498 
0 0.395059 2.88268 0.607551 
0 0.929121 2.97066 1.33545 
0 0.199831 2.31669 0.600501 
0 0.329433 2.21203 0.655748 
0 0.405567 1.90877 0.993813 
0 -0.130431 1.44397 -1.62127 
0 0.267915 2.96093 1.29472 
0 -0.688285 2.64456 1.7077 
0 -0.024132 2.48009 0.849201 
0 0.284342 2.1677 0.756185 
0 -0.111451 1.15884 -0.0814608 
0 0.713956 2.20608 1.36456 
0 1.06778 2.60548 1.75147 
0 0.257858 1.25845 0.515187 
0 0.361276 2.8 1.05564 
0 -0.104925 1.34999 -0.670991 
0 0.339207 2.72948 1.46158 
0 0.0512135 2.50266 0.292192 
0 0.328072 2.5162 1.07185 
0 0.0576171 2.08303 1.01252 
0 0.889311 2.75659 1.20109 
0 0.413474 2.15452 1.01055 
0 0.602596 2.4835 1.06715 
0 0.695142 2.70168 0.450688 
0 0.289842 2.02484 1.54584 
0 0.640557 2.72985 1.36664 
0 0.268127 2.96234 1.03139 
0 0.33444 2.58884 1.07701 
0 0.850576 2.47255 0.958923 
0 0.107406 1.13682 0.0198754 
0 0.162975 2.39537 1.33268 
0 0.626974 2.86479 1.00959 
0 -0.040556 1.17863 -0.290418 
0 -0.398291 2.16088 1.6251 
0 -0.209789 1.66954 0.0807641 
0 0.55362 1.09592 1.08834 
0 0.739081 2.50911 0.409692 
0 -0.0385357 1.29817 0.441094 
0 -0.0172712 2.43728 -0.0935896 
0 0.493019 1.54751 0.0650211 
0 0.222361 1.96879 1.00808 
0 0.0826443 2.15272 1.46476 
0 0.160304 1.7676 -0.39255 
0 0.430082 2.65331 0.994503 
0 0.581688 4.51085 0.530727 
0 -0.0493242 2.31576 0.942348 
0 0.127668 2.02415 0.651846 
0 0.460518 3.22975 1.39767 
0 -0.467677 1.44488 0.857809 
0 0.763526 3.02016 0.772878 
0 0.281106 1.99782 1.25379 
0 -0.894295 2.32555 1.24463 
0 -0.0418147 2.10814 0.994392 
0 1.06735 2.75816 0.720283 
0 0.727683 1.98554 0.361439 
0 0.705705 2.33637 0.346241 
0 0.84989 2.9969 1.55936 
0 -0.246947 1.50421 0.674141 
0 0.315601 2.28071 1.05601 
0 0.585491 2.93533 0.922599 
0 0.0777256 2.4786 1.00876 
0 0.169547 1.90773 0.899598 
0 -0.303147 1.62791 0.455328 
0 0.800189 2.45749 0.673968 
0 0.757397 2.27775 1.12297 
0 -0.719331 -0.232226 -1.30411 
0 0.404366 2.33298 1.12954 
0 0.401431 1.98668 0.706634 
0 -0.517528 2.40983 0.816378 
0 0.422687 2.00382 0.713225 
0 -0.00380489 1.92487 0.119496 
0 -0.612663 0.550255 0.53039 
0 0.327061 2.03188 1.20598 
0 0.757821 3.02996 1.40791 
0 0.508073 2.78814 1.38076 
0 0.463485 2.02271 0.952715 
0 1.15454 2.23734 0.986556 
0 0.63349 2.86261 0.852813 
0 -0.917484 1.74122 1.52388 
0 0.446359 2.05392 1.16529 
0 0.61295 2.98811 0.789629 
0 0.0679908 0.57626 0.00272219 
0 0.328265 2.1203 0.587694 
0 0.146067 2.90816 0.979665 
0 0.44584 2.67789 1.28373 
0 -0.278998 1.52537 0.647769 
0 0.445131 2.55263 0.577173 
0 0.595044 2.32312 0.473655 
0 0.417093 1.64042 0.510874 
0 0.702236 2.67398 0.763315 
0 0.317139 2.59015 0.964422 
0 0.414101 2.27861 0.9008 
0 0.529062 2.63735 0.971372 
0 0.718179 3.05598 1.22529 
0 0.460295 2.14731 0.816774 
0 0.628309 3.34657 0.593333 
0 0.294992 2.69448 0.0704988 
0 1.1231 2.67319 0.582457 
0 0.398805 2.07631 0.493451 
0 -0.212193 2.42258 1.22679 
0 0.36241 4.14538 0.350823 
0 0.521611 2.33988 1.1741 
0 0.707784 2.4105 0.24843 
0 0.691886 -0.487487 1.59986 
0 0.55656 3.21883 1.52058 
0 0.173844 2.20935 0.358771 
0 0.471616 2.94968 0.895292 
0 1.00555 2.78015 1.06643 
0 0.381426 1.38058 1.0512 
0 -0.102814 0.666615 -0.885885 
0 0.2584 1.99084 0.189076 
0 0.290491 2.46009 0.56264 
0 -0.39951 0.676036 -1.44399 
0 0.325103 3.17015 1.182 
0 -0.00369052 2.85867 1.01774 
0 -1.12554 1.2911 0.739257 
0 0.520392 2.48062 0.890205 
0 0.381028 1.12302 0.693504 
0 0.679421 2.99243 0.456224 
0 0.718013 2.68041 0.653719 
0 0.222453 2.75574 1.17085 
0 -0.201981 -0.802987 -0.212278 
0 0.612133 3.937 1.23781 
0 -0.00723544 2.15554 1.27921 
0 -0.46874 1.56601 1.203 
0 -0.192231 2.78461 1.36881 
0 0.386474 1.83019 1.32954 
0 0.0670047 1.24359 0.924224 
0 0.631376 2.74385 1.24445 
0 0.125692 1.72258 -0.512063 
0 0.735588 2.58168 0.486751 
0 0.642909 2.98422 1.15973 
0 0.661421 2.15196 0.886238 
0 0.827199 3.98153 1.096 
0 0.825562 2.9208 0.520792 
0 0.164387 1.95949 -0.444647 
0 0.848265 2.74072 0.838971 
0 0.419065 2.95521 0.899924 
0 -0.446017 0.923488 -0.430969 
0 0.553342 1.72387 0.652848 
0 0.276889 2.11114 0.98629 
0 0.132143 1.71586 0.253443 
0 0.277602 2.0921 -0.25833 
0 -0.118969 3.99401 0.154608 
0 0.868435 2.86469 0.937182 
0 0.487087 2.2197 0.720246 
0 0.53379 1.99142 0.276597 
0 0.702613 2.22372 1.32941 
0 0.39801 2.17601 0.389435 
0 0.495652 2.73966 1.12043 
0 0.734867 2.30981 1.36915 
0 0.223692 2.6578 0.78296 
0 0.898518 3.11367 1.11649 
0 0.330696 0.844602 0.966727 
0 -0.648755 2.1822 1.03004 
0 0.689867 2.82338 0.662291 
0 0.561997 3.29114 0.84168 
0 0.116325 1.54782 -0.462993 
0 -0.648033 -0.241298 -1.62462 
0 0.519306 2.51766 0.574321 
0 -0.68156 1.94092 -0.681889 
0 -0.676186 0.42064 -0.552149 
0 0.226388 1.89036 0.125641 
0 -0.000458106 1.9831 0.678395 
0 -0.368882 1.05213 0.870138 
0 0.810806 2.64971 0.800461 
0 0.451905 2.31873 0.361526 
0 0.818123 1.98137 0.796924 
0 -0.603115 1.36193 0.947982 
0 0.199341 1.34462 0.638693 
0 0.289749 2.3818 0.460048 
0 0.197071 2.76298 0.793882 
0 0.24909 2.48591 0.0596034 
0 0.761449 2.90333 0.645983 
0 0.546946 3.1613 0.374758 
0 0.307862 1.74606 0.305731 
0 -0.081567 1.876 0.146067 
0 -0.274976 1.45319 0.35806 
0 -0.151198 1.44354 1.03791 
0 -0.121271 1.23851 1.04936 
0 0.607068 2.33258 1.31179 
0 0.518654 3.16859 0.682233 
0 0.574062 3.76739 0.796582 
0 0.101356 3.42663 0.942285 
0 -0.261883 1.92973 0.837267 
0 0.416628 2.68065 1.02743 
0 0.26728 1.39445 0.0981485 
0 0.704894 2.87904 0.59978 
0 0.219312 1.51282 0.55999 
0 -0.573296 1.50921 1.28682 
0 -0.755889 0.331047 -1.3373 
0 0.251378 1.24815 0.675029 
0 0.0838815 1.41134 0.304913 
0 1.12452 2.8069 0.794036 
0 -0.0107338 2.4638 1.12617 
0 -0.361105 1.62735 1.3622 
0 -0.552124 0.451804 0.295471 
0 0.465104 2.53995 1.0692 
0 0.446494 2.77222 1.25488 
0 0.232558 2.67451 1.3799 
0 0.659371 3.32529 1.11495 
0 0.669324 1.39959 0.213979 
0 0.40995 1.73146 0.246844 
0 -0.0157115 1.61349 0.0141559 
0 0.0303197 2.63664 0.918189 
0 0.337894 1.38194 -0.201757 
0 0.30161 2.7356 1.71931 
0 -0.916247 1.22246 0.875552 
0 0.522107 2.84731 0.266838 
0 -0.121957 2.22713 0.904867 
0 0.0451719 2.34405 0.898735 
0 -0.235566 1.63962 -0.00319788 
0 0.484476 2.19649 -0.156504 
0 0.847507 2.7092 0.562438 
0 0.160805 3.45087 0.928484 
0 0.452207 2.77987 1.28871 
0 0.112651 2.69361 1.34488 
0 0.629011 2.72788 0.665512 
0 0.0412521 2.7137 1.67116 
0 0.414508 2.20206 0.521936 
0 0.457197 2.05713 1.30715 
0 1.0765 3.39291 1.34875 
0 0.691376 2.64399 1.16893 
0 0.209009 2.30814 0.467652 
0 0.232752 1.16004 -0.519753 
0 0.700175 2.85382 0.587097 
0 0.250932 2.66581 1.36841 
0 0.0888914 2.32361 -0.276892 
0 -0.368222 1.91437 -0.457787 
0 0.307027 2.42246 0.861621 
0 -0.187283 3.35383 1.25861 
0 -0.480236 1.34026 0.540142 
0 0.81302 2.79304 1.02398 
0 -0.361857 1.19214 -0.560243 
0 -0.264337 2.37356 1.28307 
0 -1.10099 2.87597 1.5583 
0 0.346005 3.10947 0.541165 
0 -0.0355152 2.76183 0.498424 
0 -0.120731 1.21502 -0.166863 
0 -0.0759652 1.85097 0.201579 
0 0.399497 2.14028 0.717547 
0 0.683045 2.68926 1.33185 
0 -0.116621 1.94974 0.428303 
0 0.325469 2.3053 0.676474 
0 0.543682 1.67496 0.141218 
0 -0.377512 1.69961 -0.339583 
0 0.189331 3.08142 0.345815 
0 0.612607 3.23554 1.40332 
0 -0.584683 1.26064 0.0536788 
0 0.341985 2.30817 1.21921 
0 0.241096 2.96265 0.967396 
0 0.0324224 3.01593 0.759811 
0 -0.382031 0.342232 -0.310251 
0 1.10451 3.1778 1.10964 
0 0.648266 2.24666 0.316739 
0 -0.149154 1.81427 0.908105 
0 0.189708 2.50824 0.800272 
0 0.377802 2.69078 1.04091 
0 0.378145 3.28347 0.375883 
0 -0.37958 1.43372 -0.98999 
0 0.266432 0.261454 0.24774 
0 0.453711 3.42251 1.12043 
0 -0.313774 2.5687 0.182198 
0 0.2218 1.65599 0.672341 
0 -0.0287709 1.86439 0.00743458 
0 0.123827 2.14464 0.445181 
0 0.414806 3.17641 1.23809 
0 -0.767233 1.75499 -0.51839 
0 0.37902 2.34521 0.215239 
0 0.946709 2.79411 -0.290428 
0 -0.154308 -0.284148 0.318522 
0 0.212606 0.826911 0.240853 
0 0.56404 3.92046 0.859596 
0 0.540311 2.76093 0.846625 
0 0.895544 3.30406 0.739047 
0 0.391925 2.71587 0.375548 
0 0.861266 3.19747 0.776506 
0 0.547766 3.21399 0.9932 
0 -1.21535 -0.681656 0.961701 
0 -0.0960543 1.17951 0.379812 
0 0.302125 2.30129 1.05872 
0 0.690521 1.72388 -0.0911484 
0 0.983738 3.109 0.5257 
0 0.54821 2.30728 0.687003 
0 0.61388 2.80221 0.440465 
0 0.776618 2.95389 0.525138 
0 -0.205161 3.57614 0.604458 
0 -0.0217431 2.79033 0.903993 
0 0.0952015 2.86881 0.993811 
0 0.562632 2.00401 0.65152 
0 0.461335 2.64686 1.14433 
0 1.04461 2.13122 1.03062 
0 0.434048 2.77817 0.544612 
0 0.712293 2.71815 1.61684 
0 1.09108 4.2384 1.21441 
0 0.250082 0.771437 0.0714914 
0 0.427959 1.91286 0.908742 
0 -0.385887 1.42767 -0.825943 
0 0.426646 2.83382 1.01325 
0 -0.116886 1.6888 0.976326 
0 -0.680932 1.82979 -1.69159 
0 0.396674 2.48142 0.736689 
0 0.058118 0.832026 0.796901 
0 0.682528 3.10333 1.06087 
0 -0.381192 1.75852 0.107112 
0 0.316498 2.12498 0.672828 
0 0.0383133 1.59948 1.47832 
0 0.0193102 3.09397 0.479415 
0 0.139993 2.97945 1.23602 
0 0.582568 2.74262 1.03275 
0 0.440295 2.14643 0.231579 
0 0.972467 3.40598 0.758064 
0 0.880417 3.01566 0.950678 
0 0.300513 2.24344 0.442115 
0 0.992747 2.90518 1.01767 
0 0.208017 3.14956 0.745939 
0 1.2134 2.98757 2.26502 
0 0.286154 2.19282 0.639599 
0 0.623232 2.66071 0.997491 
0 -0.0347777 3.04964 0.822741 
0 0.153941 2.03909 0.608868 
0 0.634177 2.60896 0.599917 
0 0.685071 1.73672 1.20244 
0 0.418624 2.64917 1.57745 
0 0.328686 3.21514 0.922213 
0 0.536868 1.28522 1.34615 
0 -1.78287 -0.514415 -0.0311347 
0 -0.130073 2.62684 1.36496 
0 0.561764 2.59743 0.87471 
0 0.933059 2.9042 0.79958 
0 0.475504 3.00166 0.850639 
0 -0.265821 2.78915 1.44697 
0 0.0475628 1.02343 0.594005 
0 0.0941013 1.79349 -0.304414 
0 0.766077 2.91201 1.39918 
0 0.810649 2.10238 0.519068 
0 0.773016 1.92805 0.485997 
0 0.0814233 2.54211 -0.288052 
0 -0.350061 -0.198704 -0.265364 
0 -0.403129 0.219758 -0.340357 
0 0.338032 1.81279 0.867963 
0 0.535516 1.98979 0.585066 
0 -0.571682 -0.107575 -1.17996 
0 -1.0105 -0.354754 -0.118326 
0 0.757918 2.1936 0.469137 
0 0.389868 2.84774 0.874371 
0 -0.323582 1.32592 -0.217595 
0 0.544194 3.07253 1.19508 
0 0.0642927 3.39821 0.644419 
0 0.0130549 3.26175 1.70085 
0 0.270153 1.30351 0.862339 
0 0.0824985 0.31332 -2.04482 
0 0.261145 3.32014 1.38256 
0 0.820122 3.19837 0.880615 
0 1.24575 3.457 0.700784 
0 0.615502 2.6319 0.909196 
0 -0.231595 1.66713 0.0226779 
0 0.185027 1.90197 0.523822 
0 0.015833 3.10301 1.16496 
0 1.21743 0.611758 0.864873 
0 0.108944 1.68338 1.11606 
0 0.38716 1.42454 0.578304 
0 0.497626 3.25963 0.246068 
0 -0.1783 1.36893 0.0390538 
0 0.0317444 1.14878 -0.121428 
0 0.293767 2.16468 -0.201154 
0 0.74808 2.59544 0.927054 
0 0.174411 1.34245 0.202393 
0 0.443245 2.48908 1.13877 
0 -0.123594 0.546367 0.516666 
0 0.519772 2.90669 0.776146 
0 -0.476587 0.952506 1.26208 
0 0.216506 1.88757 0.895504 
0 0.425157 2.85277 0.714771 
0 0.757659 2.90278 1.33245 
0 0.393018 2.61872 1.12496 
0 0.881123 3.12824 1.34163 
0 0.563079 2.35742 1.64224 
0 -0.255831 1.38871 0.240789 
0 0.0310823 2.20904 0.799795 
0 1.20079 -0.684363 0.192355 
0 0.403227 2.80462 0.585013 
0 -0.410039 3.09214 1.39299 
0 -0.172495 1.75408 0.273266 
0 0.162327 1.49101 0.255113 
0 0.187906 1.4937 0.382794 
0 0.743858 2.88818 0.868931 
0 0.913164 3.82893 0.861164 
0 0.340902 2.15407 1.41358 
0 0.481147 2.84911 0.600099 
0 -0.231157 3.01985 1.91905 
0 1.05403 3.53668 1.45336 
0 2.1559 1.70554 -0.038722 
0 0.664659 1.60221 0.695124 
0 0.594924 3.42816 1.34831 
0 0.145601 1.54656 -0.169236 
0 0.382432 2.6653 0.876107 
0 0.157468 2.11606 0.857478 
0 0.306349 2.93361 1.12807 
0 0.28764 3.01391 1.09832 
0 0.44521 2.44658 1.25185 
0 0.484388 3.13367 0.940026 
0 0.192582 2.36763 1.26869 
0 -0.231453 2.17763 1.29594 
0 -0.021909 1.77622 1.3212 
0 0.0439388 2.78864 1.07861 
0 0.561307 3.88401 1.47828 
0 0.279969 1.99907 -0.228897 
0 -0.663708 2.37239 0.93114 
0 0.111122 -0.687415 -1.0574 
0 -0.290205 0.459444 -0.273905 
0 -0.0017076 0.0338665 -0.79651 
0 0.246614 1.56565 0.258058 
0 0.589092 1.70948 0.812663 
0 0.261507 2.26127 0.768383 
0 0.361345 3.19183 1.38462 
0 0.321923 1.15999 0.186658 
0 -0.358527 2.51407 1.39494 
0 0.958138 2.72502 0.710747 
0 0.496458 2.43928 0.974069 
0 0.726771 3.2603 0.232249 
0 -1.131 2.42077 1.52885 
0 0.0166708 2.4446 0.616339 
0 0.361921 2.68385 1.17054 
0 0.192292 2.16962 0.835162 
0 0.376944 1.34433 0.655263 
0 -1.49829 0.165391 0.277164 
0 0.390429 2.52933 1.3754 
0 0.316242 3.3079 1.26152 
0 0.332627 2.6326 0.869105 
0 0.210443 2.12685 0.327718 
0 0.418436 2.86429 0.830168 
0 0.884952 2.18379 0.847386 
0 -0.0240109 3.86473 1.48089 
0 0.252831 1.12658 0.672473 
0 0.00692235 2.5998 1.22372 
0 0.188213 2.09921 0.19338 
0 0.542519 2.57021 1.04506 
0 0.219051 -1.1343 -1.12008 
0 0.421108 2.78494 1.2504 
0 -0.606611 1.3252 2.14777 
0 0.0148589 2.12689 1.34968 
0 0.278767 2.20532 1.13292 
0 0.315894 2.73151 1.34072 
0 0.972663 3.2465 1.14061 
0 0.0661757 2.62405 1.29972 
0 0.680795 2.64319 1.12837 
0 0.785468 2.97013 0.984926 
0 0.731921 3.3099 1.09626 
0 -0.00794874 2.59507 0.655726 
0 0.810592 3.30387 0.806757 
0 0.286202 1.46774 1.27046 
0 0.432606 1.45184 -1.16221 
0 -0.270514 0.660631 -0.362801 
0 -0.37871 2.33254 0.288466 
0 -0.204798 1.45711 0.505859 
0 0.267336 1.88805 1.1437 
0 -0.126269 2.40118 0.861328 
0 0.277631 2.3111 0.888721 
0 0.0331277 2.23128 1.40421 
0 0.620166 2.71905 1.11715 
0 0.0662595 3.50587 1.31017 
0 0.60936 3.44243 0.593031 
0 1.01916 2.60543 1.10419 
0 0.421665 2.51964 1.36398 
0 -0.344848 1.10791 1.22671 
0 0.0434856 2.14048 0.737582 
0 0.0060196 1.92847 -0.454386 
0 0.118464 2.66279 1.22909 
0 0.527924 3.1735 0.99967 
0 0.720863 3.49915 0.791611 
0 0.622795 2.41421 0.648519 
0 0.27843 2.67804 1.20556 
0 0.652174 3.37272 0.743346 
0 0.604697 2.1883 0.983185 
0 -0.202614 2.32802 0.664722 
0 -0.0127328 0.300279 -1.02342 
0 0.631298 4.27552 1.18846 
0 0.269705 3.82429 0.697778 
0 0.461646 3.05439 0.766881 
0 -0.564578 2.28455 0.702808 
0 -0.467006 0.00866844 1.40203 
0 0.896276 2.99604 0.864223 
0 0.448163 2.07028 0.779368 
0 -0.798053 2.10632 1.07553 
0 -1.25748 1.35351 0.93782 
0 -0.660533 -0.507892 -1.41496 
0 0.704437 1.96777 0.323557 
0 -0.191259 2.48189 1.54576 
0 0.106693 3.51037 1.21532 
0 0.286122 2.62549 1.34431 
0 0.474568 2.20925 1.00437 
0 0.334154 2.34304 0.244052 
0 0.516892 2.89622 1.24075 
0 0.396828 2.26301 0.0469419 
0 -0.0530814 2.20127 1.55538 
0 -0.348909 2.17317 1.60217 
0 -0.525056 1.3405 -0.465303 
0 0.08411 2.94831 1.53423 
0 0.0912974 3.95136 2.40145 
0 0.345664 2.48062 0.702075 
0 0.492711 2.53198 1.60984 
0 0.247141 1.66309 0.057154 
0 0.31451 2.60781 1.58351 
0 0.904701 2.8034 1.6051 
0 0.24637 2.55176 -0.125333 
0 0.59014 2.53534 1.00662 
0 0.221261 2.42924 0.608112 
0 0.558195 2.14907 0.477071 
0 0.60516 2.52882 0.648039 
0 0.53351 2.51583 0.974272 
0 0.439312 2.99451 0.756709 
0 0.479208 2.5328 0.516605 
0 -0.405993 2.29705 1.28277 
0 0.0698088 1.77392 0.391694 
0 -0.195535 2.07304 0.955356 
0 0.382711 3.21692 0.842976 
0 0.285451 2.33275 0.701906 
0 0.37233 2.29187 0.3441 
0 0.0393673 3.87408 0.694077 
0 0.0858351 1.83803 0.189139 
0 -0.0999816 1.26147 -1.10381 
0 -0.543814 0.820237 -0.806747 
0 -0.294402 1.70943 0.809899 
0 0.405619 1.67941 1.11062 
0 0.627185 3.00659 0.870819 
0 0.538117 2.15714 0.171107 
0 0.495401 1.33191 1.77448 
0 0.0406903 1.83985 1.57761 
0 0.0676532 2.43966 1.37545 
0 -0.50735 2.36044 1.0868 
0 0.246292 2.68646 0.752376 
0 0.638083 2.52152 0.668004 
0 1.10442 2.83722 1.30377 
0 0.40567 2.34436 0.293859 
0 0.347678 2.15673 0.10048 
0 0.0262637 2.13948 0.787846 
0 -0.134764 2.50622 0.803445 
0 0.664908 2.67576 1.13625 
0 1.1268 3.4256 1.19354 
0 0.415439 2.60445 1.24588 
0 -0.133213 1.44586 -0.501535 
0 0.54631 2.05337 0.333201 
0 0.26494 1.60965 -0.173041 
0 0.596708 2.87223 0.975791 
0 -0.151046 2.60095 -0.012976 
0 0.786387 1.02212 -0.00711565 
0 -0.53912 1.98556 0.0727534 
0 0.391553 2.8319 1.07481 
0 0.0547665 2.35949 1.337 
0 0.3674 2.15222 1.26543 
0 -0.0860253 1.36896 1.12669 
0 -0.0632005 1.60478 0.360796 
0 -0.21567 2.0834 -0.501942 
0 0.505885 2.36678 0.591963 
0 0.158718 2.94777 1.34821 
0 0.719678 2.53009 0.541472 
0 0.644804 2.28331 1.24586 
0 1.11174 3.45931 0.838874 
0 -1.19201 1.03193 0.870418 
0 0.0533937 3.30256 0.461044 
0 0.0273603 3.48245 1.72674 
0 0.369614 3.05279 1.36345 
0 0.607594 1.21964 1.50226 
0 -0.277153 1.29286 1.22679 
0 0.0159739 2.45161 1.49442 
0 0.194372 3.8812 0.697931 
0 -0.102042 2.52053 1.71308 
0 0.688702 3.04964 1.23064 
0 -0.609296 2.64389 1.36514 
0 0.40804 2.63009 0.848833 
0 0.534406 3.01859 1.67434 
0 -0.0745451 1.90931 -0.277667 
0 0.671001 2.27335 0.477461 
0 -0.330082 3.08465 -0.102605 
0 -0.632174 0.746241 0.88828 
0 0.192421 1.66593 1.32609 
0 0.736627 2.64009 1.15018 
0 0.133267 2.39441 0.572865 
0 0.117215 0.620856 0.0227593 
0 0.310021 3.79808 1.06103 
0 0.744313 2.38087 0.710514 
0 0.227089 2.21289 1.12856 
0 0.625725 2.95473 1.96242 
0 0.0716275 3.32269 1.56728 
0 -0.113129 2.33572 0.989693 
0 0.255114 3.66043 1.0786 
0 0.230876 1.60783 0.41777 
0 0.643811 2.95358 0.676626 
0 -0.35138 2.70612 2.05796 
0 -0.0765723 2.21754 0.710622 
0 -0.47501 1.38261 0.234689 
0 0.326948 2.81452 1.37825 
0 0.270346 2.50664 0.650652 
0 0.027381 4.48478 1.06617 
0 -0.302213 1.43222 1.42664 
0 0.638243 2.02905 0.370751 
0 0.568826 2.81147 1.38136 
0 0.614767 3.28204 0.704113 
0 -0.451295 1.76251 -0.210632 
0 0.214787 2.52082 -0.266996 
0 0.603845 2.81823 1.31557 
0 0.400667 2.28981 1.19689 
0 0.358801 2.04818 0.923379 
0 0.544023 3.80452 1.07528 
0 0.731156 3.27778 1.47591 
0 0.831383 3.07922 0.8159 
0 0.687819 3.24727 1.43198 
0 -1.02735 1.68955 1.44303 
0 0.703981 2.40133 0.671885 
0 0.565832 2.43117 0.411219 
0 0.188789 2.19822 0.149658 
0 0.658063 2.86616 1.32289 
0 0.612113 3.23256 0.95886 
0 0.586137 3.2301 1.10676 
0 0.86399 2.43494 0.530131 
0 0.435032 3.21612 1.77443 
0 -0.331501 2.0939 0.0837693 
0 0.953823 3.49769 0.770772 
0 0.0388275 1.33777 0.241809 
0 -0.387411 2.85071 1.53279 
0 0.353514 2.2295 1.16891 
0 -0.479735 1.63195 0.267115 
0 0.373064 2.29686 0.948601 
0 0.47882 2.67601 0.739404 
0 0.385215 2.84605 0.95128 
0 -0.333575 2.03649 -0.0473705 
0 0.564683 2.47031 0.867966 
0 1.06284 4.65116 0.973225 
0 0.331938 0.892285 1.5435 
0 0.508976 2.02692 -0.44299 
0 -0.286178 1.10234 0.0568589 
0 0.349021 2.72123 0.573921 
0 0.672331 3.51269 0.345092 
0 0.562898 2.64313 1.27831 
0 0.617102 2.91043 1.20567 
0 0.80003 3.00633 1.01908 
0 -0.0454993 1.87625 0.746869 
0 0.840413 2.96405 0.655556 
0 -0.0519212 2.27721 0.833888 
0 0.145059 2.24543 0.530288 
0 0.120606 2.55971 1.02221 
0 -0.160375 2.91308 1.17343 
0 -0.106878 2.03248 1.02225 
0 0.132959 3.82525 1.01371 
0 0.204488 2.54341 1.0124 
0 -0.135551 2.69383 -0.322311 
0 0.509168 3.26559 1.247 
0 0.0939128 0.396928 -2.62476 
0 -0.497732 1.85482 1.80227 
0 0.894973 2.4602 1.10169 
0 0.334544 1.07987 0.976418 
0 0.461015 2.14103 0.889719 
0 0.800988 3.67454 1.13937 
0 0.748287 2.81438 0.800981 
0 0.303521 2.45574 0.945926 
0 -0.210838 1.89486 0.683447 
0 0.816531 2.27691 1.23789 
0 0.435701 2.3474 0.222958 
0 0.0335398 1.25075 -0.910723 
0 0.502317 2.05576 0.604978 
0 0.908817 3.67171 1.67933 
0 0.159319 3.3554 0.938192 
0 0.903512 2.8503 0.930977 
0 0.751883 1.83348 -0.523996 
0 0.954802 2.29394 0.876671 
0 0.600129 2.62443 0.841517 
0 0.335442 2.4286 0.589303 
0 -0.185244 2.05781 0.065064 
0 -0.681923 0.899458 0.424553 
0 0.949445 3.33506 0.563496 
0 -0.119634 1.65229 -0.345212 
0 0.375741 0.980989 1.52286 
0 0.315796 1.03079 0.897542 
0 0.418282 1.02648 -0.0660977 
0 -0.536581 0.400189 -1.54762 
0 -0.185372 2.48392 1.22077 
0 0.366325 3.41505 0.319757 
0 0.201226 3.24512 0.67263 
0 -0.901017 1.4218 0.429634 
0 0.541881 2.53749 0.567973 
0 0.50932 0.918462 0.401761 
0 -0.0182603 2.34226 0.112382 
0 0.581743 2.14911 0.448074 
0 1.09395 2.52128 0.875123 
0 0.533805 1.6559 0.997128 
0 1.06679 2.7897 0.591281 
0 0.705828 2.55794 1.64782 
0 0.320341 3.1371 1.11702 
0 0.265975 2.50264 0.519295 
0 0.689595 2.94696 1.09528 
0 0.12387 2.17251 0.399254 
0 1.17038 3.32051 0.813328 
0 -0.331996 -0.0562553 -0.79069 
0 0.586181 2.7061 1.78505 
0 0.630466 1.28716 -0.0657984 
0 -0.306259 -0.664541 -1.10046 
0 -0.199259 2.06294 -0.360509 
0 0.783195 2.23705 0.555831 
0 0.559943 3.1027 1.17455 
0 0.7201 1.70357 0.629399 
0 -0.441672 0.982449 1.28296 
0 -0.675896 -0.381315 -0.969206 
0 0.787648 2.15912 0.708088 
0 0.399774 3.44148 1.13514 
0 0.625049 2.75629 0.529511 
0 0.473639 2.71904 1.511 
0 0.485431 2.9363 1.09687 
0 0.468897 1.78697 -0.0746216 
0 -0.445073 0.845588 -0.0664883 
0 0.368384 2.47581 1.08875 
0 0.595703 2.65747 0.887216 
0 0.0323282 3.19186 0.874348 
0 0.402197 2.59917 0.890181 
0 0.677183 2.33529 0.755275 
0 0.529779 2.69154 0.365338 
0 1.02394 2.58891 0.492334 
0 0.229323 2.96348 1.16896 
0 0.31016 1.94664 1.16034 
0 1.08837 3.11267 1.08905 
0 0.200184 1.8596 0.791074 
0 -0.112966 1.30387 -0.764804 
0 0.158594 2.02357 0.611212 
0 -0.00106468 2.66823 1.77361 
0 -0.721881 2.21964 1.3168 
0 0.689706 3.47499 0.635441 
0 0.757226 2.89088 1.04062 
0 0.352375 2.3549 0.347345 
0 -0.504756 1.02821 -1.54125 
0 1.0505 3.46299 0.863333 
0 0.679751 2.99158 0.251482 
0 -0.468163 2.35136 -0.695586 
0 0.444562 1.42155 1.14447 
0 0.329952 2.43272 0.693676 
0 -0.885859 2.0263 -0.959113 
0 0.635665 4.30203 0.328302 
0 0.370654 2.23662 0.0871969 
0 0.478724 2.45249 0.868462 
0 -0.490758 -2.90705 -0.689603 
0 -0.879114 0.40389 0.270803 
0 0.667073 2.60415 1.4803 
0 0.503639 2.56897 1.30692 
0 0.474681 2.77533 1.52804 
0 -0.507636 1.03366 -0.721442 
0 -0.287737 0.685368 -0.356743 
0 -0.628062 2.02061 0.853866 
0 0.784819 1.86497 1.65267 
0 0.89529 3.16605 0.839372 
0 0.701431 2.38256 0.783977 
0 0.404761 2.51236 0.74924 
0 0.798992 2.60613 1.16165 
0 0.7673 0.660972 1.20632 
0 -0.00258719 1.63149 0.205751 
0 0.595932 2.51792 -0.155358 
0 -0.112903 2.8611 0.200649 
0 0.838044 2.68003 0.748083 
0 0.403912 1.80245 0.0836306 
0 -0.00376138 0.588388 -0.250495 
0 -0.390078 0.912754 0.262471 
0 -1.45787 -0.521179 0.0301797 
0 0.999097 2.80467 1.41522 
0 0.111381 2.16582 1.69136 
0 0.206467 2.68533 1.15538 
0 -0.191848 1.32632 0.131474 
0 0.238228 1.78851 1.08312 
0 0.205561 1.95329 0.10888 
0 0.0875875 1.87867 0.352754 
0 0.326711 2.44996 1.00399 
0 0.492654 2.38357 0.69322 
0 -0.985232 1.90575 1.83507 
0 0.673987 3.07963 0.951584 
0 0.538349 2.37929 -0.0564487 
0 0.609543 3.31346 1.52609 
0 -0.260302 1.85108 0.911637 
0 -0.0645206 1.87492 0.765713 
0 0.346373 2.18321 0.846095 
0 0.922478 2.22936 1.2846 
0 0.278133 2.30487 0.461502 
0 0.596148 0.0930563 1.06405 
0 0.969521 2.29514 0.483129 
0 -0.23138 1.55939 -0.259478 
0 0.59978 2.54361 0.630447 
0 0.728958 3.16878 1.75575 
0 0.81726 3.13929 0.978177 
0 0.855066 3.23271 1.05943 
0 0.0548202 1.55724 0.56013 
0 0.214693 0.452982 1.05944 
0 -1.10463 -0.210047 -1.95381 
0 -0.461027 0.920511 -0.367231 
0 0.764803 2.65793 0.877746 
0 0.0894118 2.3761 0.833084 
0 0.060623 1.82084 0.675096 
0 0.466653 1.81959 0.70354 
0 -0.281528 1.29011 -0.410308 
0 0.364141 2.6265 1.4716 
0 -0.174691 2.14596 0.646013 
0 1.09423 2.99275 0.718879 
0 0.436728 2.40089 0.826032 
0 0.567754 2.89014 0.223703 
0 0.349954 2.77758 1.54336 
0 0.372791 2.27806 1.07352 
0 0.272024 2.44051 0.977426 
0 -0.571094 2.25316 -0.127805 
0 0.283079 2.00205 0.890525 
0 0.380893 2.5371 1.17613 
0 0.506036 2.28343 0.326768 
0 0.901139 2.98631 1.4281 
0 1.4213 1.04223 0.191825 
0 0.261751 2.88454 0.798767 
0 -0.286631 0.285316 -1.84874 
0 -0.626286 1.3042 -1.25458 
0 0.65433 2.94549 0.845169 
0 0.843687 2.78077 1.0234 
0 0.20537 2.09289 0.569652 
0 0.756974 2.68029 1.07449 
0 0.532609 2.15733 0.733327 
0 0.288202 2.17668 0.433398 
0 0.113509 2.30892 -0.0818943 
0 0.44272 2.27494 0.950367 
0 0.317994 2.33204 0.640972 
0 0.559472 1.97579 0.664871 
0 0.277927 2.69842 0.984325 
0 0.685505 2.85328 0.666605 
0 0.54626 1.89605 1.0976 
0 0.430014 2.45708 1.16388 
0 0.557313 2.93404 0.488173 
0 0.966692 2.71745 0.882955 
0 0.794454 3.45378 1.80713 
0 0.22715 2.45107 0.0210412 
0 -0.148226 2.15485 -0.744455 
0 0.849297 2.99624 1.01885 
0 -0.634266 1.73985 1.26088 
0 0.32178 1.52331 1.06648 
0 0.0024856 2.38217 1.39419 
0 -0.876663 3.21043 1.98387 
0 0.264171 1.85109 0.846868 
0 0.450008 3.08777 1.19035 
0 0.351091 0.877348 0.0349195 
0 0.343328 1.59403 0.435898 
0 0.180727 2.56732 0.389874 
0 0.103128 1.41091 0.309154 
0 0.350727 2.58466 0.782583 
0 0.219099 2.70803 1.02728 
0 -0.363373 0.977299 1.30397 
0 0.32454 2.76117 1.61087 
0 -0.0651715 2.13123 0.121293 
0 0.629165 2.23487 1.2467 
0 -1.04828 2.50348 1.08862 
0 0.435103 2.40793 0.724767 
0 0.479427 2.21961 1.16435 
0 0.133169 2.50571 0.889505 
0 0.508339 2.72063 0.778912 
0 0.73139 3.35774 1.33334 
0 -0.0230422 0.916127 -0.616201 
0 0.545439 1.79794 0.384641 
0 0.222282 3.30559 1.30211 
0 1.1259 2.95303 1.24471 
0 0.645289 2.83234 0.20209 
0 0.588905 2.33623 0.0954627 
0 0.649502 2.91999 1.13976 
0 0.225388 1.51013 1.0637 
0 -1.07741 -0.901183 -0.364033 
0 0.58011 2.64394 1.18501 
0 0.510583 2.08325 1.08761 
0 0.201419 3.13547 1.776 
0 0.503046 3.12072 1.06257 
0 -0.176598 1.25914 -0.430541 
0 0.123479 1.99013 0.2254 
0 -0.437708 2.16589 1.20757 
0 0.31826 0.709337 0.314359 
0 0.396838 2.13802 1.17313 
0 0.724906 2.51752 1.93502 
0 0.412129 1.94586 0.30825 
0 0.321746 1.69204 0.00968303 
0 0.205258 3.08807 -0.355784 
0 1.21449 2.45756 1.83659 
0 0.618427 3.31407 1.54489 
0 0.0248931 1.50096 -0.510313 
0 0.211367 3.4816 2.09183 
0 0.499426 2.89058 0.858828 
0 -0.30589 1.70904 0.656783 
0 0.335832 1.47111 0.169396 
0 -0.29114 2.03705 1.14997 
0 -0.582914 1.46263 0.130206 
0 0.410366 0.271917 0.523743 
0 -0.168035 1.92005 0.695704 
0 1.03099 2.78228 0.637048 
0 0.305899 1.18979 0.515134 
0 0.0728992 1.35566 0.526841 
0 0.518836 2.62468 0.96068 
0 0.0175673 2.34707 1.57734 
0 -0.318081 2.08462 1.06303 
0 -0.478423 2.10589 0.683961 
0 -0.170867 2.04192 0.210181 
0 -0.731622 2.97871 1.261 
0 0.591412 1.86641 1.06405 
0 0.398102 2.62406 0.553344 
0 0.246483 2.70241 1.35242 
0 0.295508 1.48823 0.573504 
0 -0.336882 1.23251 -0.61488 
0 0.471815 3.82462 1.20457 
0 0.0777679 1.71672 0.541912 
0 0.335321 1.71743 1.71145 
0 0.991732 2.83821 1.22979 
0 0.136237 1.62209 1.16252 
0 0.658501 2.62893 1.11811 
0 0.193927 2.62718 0.845518 
0 0.251767 2.54967 1.26832 
0 0.946731 2.94478 1.18607 
0 0.495255 3.15228 1.00388 
0 -0.00104911 0.714991 -0.0915612 
0 0.377074 -0.0299257 0.853131 
0 -0.0292727 2.31648 0.971819 
0 0.465289 2.58504 0.697961 
0 -0.679857 1.54276 1.70595 
0 0.888355 1.74707 0.900657 
0 0.805287 3.33705 1.20049 
0 -0.590973 0.625588 -1.18488 
0 -0.336104 1.61658 -0.99303 
0 0.0340088 -0.467218 -0.0176275 
0 0.246897 1.97076 0.0613108 
0 -0.197827 1.29935 0.927715 
0 -0.100447 1.46829 -0.0493933 
0 0.506159 3.13964 1.1335 
0 0.398071 2.27086 0.472253 
0 -0.211843 0.877687 1.2316 
0 0.61165 2.41187 1.10504 
0 0.108274 2.43263 1.55916 
0 -0.251205 0.291355 -0.0472943 
0 -0.434111 -1.21062 -0.629519 
0 -0.167545 2.03473 1.29157 
0 0.660852 2.92628 1.21578 
0 0.617224 3.21361 1.11847 
0 0.418351 1.23522 0.210191 
0 0.114134 0.779301 -0.305904 
0 0.514863 1.20936 1.2136 
0 -0.0164371 2.913 0.809243 
0 0.193336 2.84597 1.05097 
0 0.0765328 2.36162 0.872581 
0 0.277968 1.95207 0.342898 
0 -0.600595 1.01818 1.60817 
0 0.776981 0.928941 0.844742 
0 0.917686 2.27196 0.308775 
0 -0.224296 0.39611 -0.794697 
0 1.18764 2.84758 1.64603 
0 0.120783 1.67114 0.558041 
0 0.47788 2.58085 0.489351 
0 -0.104922 1.28802 0.897071 
0 -0.0297216 1.5181 0.248553 
0 -0.403533 1.95325 -0.529384 
0 0.262245 2.44814 1.2392 
0 0.635175 1.14097 0.801165 
0 0.776332 2.79916 1.00932 
0 0.539928 1.54605 0.33117 
0 -0.0986337 2.46144 1.66608 
0 0.677242 4.36929 0.900989 
0 0.394769 1.80481 0.980015 
0 0.588022 2.11734 0.316477 
0 -0.629701 1.78017 -0.222235 
0 0.60842 2.07817 0.404488 
0 -0.216457 1.74343 1.72365 
0 -2.22393 -1.72426 0.674384 
0 0.257105 2.07228 1.14256 
0 0.30485 2.94747 1.02167 
0 0.160517 -0.131999 -1.0695 
0 0.649212 4.16398 1.40535 
0 0.166769 2.28827 0.860295 
0 0.278988 2.38485 0.841034 
0 -0.74253 1.24796 1.28725 
0 0.77875 3.84365 0.18483 
0 -0.419798 2.02697 0.243381 
0 -0.0588057 2.37941 1.51612 
0 0.534879 2.56435 0.666824 
0 0.976325 2.71108 0.65113 
0 0.42433 2.66569 0.505007 
0 -0.687264 0.376946 -0.518753 
0 -0.19132 2.13365 0.0652527 
0 0.290932 1.88509 -0.156621 
0 0.161826 1.52579 -0.537528 
0 1.09145 2.88569 0.993019 
0 0.340636 2.38876 1.47781 
0 0.558549 2.51269 0.261072 
0 -0.517754 1.41032 0.924877 
0 0.35333 1.98162 0.379559 
0 0.92247 4.40084 0.949172 
0 -0.140081 2.30879 1.1185 
0 0.955395 3.10566 0.692785 
0 0.027043 1.09655 0.734299 
0 0.666803 1.15098 -0.165775 
0 0.81958 2.89079 1.40228 
0 -0.0622631 2.49114 0.365378 
0 0.120975 1.84909 0.835937 
0 0.0394605 2.34311 0.53786 
0 0.774195 3.5369 1.41281 
0 0.809886 2.67826 0.753704 
0 -1.07223 3.08682 -0.0324022 
0 -0.218495 0.938746 -0.398268 
0 0.504274 0.903653 0.814166 
0 0.200506 1.67452 1.05793 
0 0.417534 2.65341 0.747795 
0 0.296262 2.34892 0.831449 
0 0.809327 2.85006 0.821781 
0 -0.117199 2.47893 0.834358 
0 0.657873 2.79178 1.1321 
0 0.0302454 1.44245 -0.2389 
0 -0.00993979 1.56624 0.0398355 
0 0.48001 1.48969 0.675947 
0 -0.100704 0.801787 0.373698 
0 -0.288896 2.09873 1.06035 
0 -0.164867 2.03092 0.733789 
0 0.775948 2.4191 0.459957 
0 0.21863 1.73489 0.641481 
0 -0.458474 -0.280959 -2.73268 
0 0.0955753 1.64668 -0.283116 
0 0.41744 1.80265 0.753644 
0 1.00139 2.18095 0.0299601 
0 -0.348434 0.41439 -1.20084 
0 0.626368 2.74051 0.948911 
0 0.357991 2.7652 1.18904 
0 0.258698 1.79849 -0.0969382 
0 0.352577 0.52666 -0.037488 
0 0.319619 2.39176 0.536312 
0 0.36102 2.3108 0.908444 
0 -0.0659159 1.9116 0.0537522 
0 1.27798 3.70287 0.985638 
0 0.542788 2.32651 0.432333 
0 0.799319 3.23372 0.795856 
0 0.622174 2.18418 0.447214 
0 0.113984 1.82832 0.411495 
0 0.785919 4.10874 1.55315 
0 0.684781 2.22767 0.211463 
0 -0.318684 1.73018 0.311276 
0 0.600582 2.356 0.0713231 
0 -0.415939 1.35059 -1.91343 
0 0.44969 1.1298 0.491147 
0 0.201273 2.11428 0.492017 
0 0.413344 3.85136 0.622835 
0 0.32744 2.32458 0.28973 
0 -0.638073 -0.422703 -1.87459 
0 -0.528538 0.749267 1.04066 
0 0.295094 2.78179 0.585257 
0 0.463299 1.85287 0.914488 
0 -0.103401 -0.188402 -0.475652 
0 0.600816 2.3583 1.0442 
0 0.794003 2.31539 0.466445 
0 -0.132885 1.76345 -0.0651398 
0 -0.0712495 3.00324 0.440592 
0 -0.125393 2.17995 0.614258 
0 0.68009 2.38452 0.925245 
0 0.191896 2.49196 -0.105271 
0 0.803596 2.9932 0.912303 
0 0.869407 2.97669 -0.0268769 
0 0.275616 2.42542 0.831367 
0 0.546862 2.32481 0.626815 
0 0.564706 2.18513 0.397825 
0 0.754563 3.32259 0.949992 
0 0.0597031 2.69099 -0.173671 
0 -0.350911 3.02719 0.927696 
0 0.305114 0.839055 -0.361557 
0 0.502121 1.487 0.245594 
0 0.507414 2.49629 0.959422 
0 0.538801 2.44478 0.355086 
0 0.00477577 2.56151 0.926984 
0 0.809969 2.93715 0.377153 
0 -0.516677 -0.0949893 -1.19705 
0 -0.743218 1.05284 -0.0767932 
0 -0.505537 0.988555 0.787577 
0 -0.260328 1.9692 0.948038 
0 -0.171749 2.14092 0.985577 
0 -0.888581 -0.756484 -2.14154 
0 0.712741 2.49621 0.848592 
0 0.232304 2.15938 0.419776 
0 0.385759 1.95991 0.343888 
0 0.240053 2.09162 0.953061 
0 0.525654 2.30112 0.512031 
0 -0.305898 2.47647 0.909906 
0 0.447161 3.63984 0.826757 
0 0.110447 1.04642 0.201978 
0 -0.23975 2.32527 1.23078 
0 1.4006 3.00689 1.18597 
0 -0.286712 1.52604 0.558767 
0 0.748628 2.75851 0.857009 
0 0.502388 3.81538 0.608295 
0 -0.149747 2.51758 1.01579 
0 -1.46954 1.33696 0.855336 
0 0.266253 2.20164 0.411956 
0 0.183465 2.65071 0.890191 
0 -0.537346 1.13339 -0.0726335 
0 0.61621 2.62998 1.11708 
0 1.00892 2.82558 0.959225 
0 0.878059 3.03397 1.39363 
0 -0.552407 1.64095 -0.372098 
0 -0.965326 1.98267 1.55818 
0 0.382261 2.83148 0.938739 
0 0.331152 2.31273 0.831941 
0 -0.0895869 2.84306 0.812208 
0 0.490108 2.37051 0.730517 
0 0.59845 3.33573 0.394557 
0 0.819816 2.7073 0.21165 
0 -0.363098 1.63913 0.175436 
0 0.743391 3.10515 0.691366 
0 -0.554678 1.28448 0.444211 
0 0.414058 1.3942 -0.424336 
0 -0.556968 1.45551 1.08941 
0 -0.168366 1.4851 1.11681 
0 0.612924 2.35639 0.582258 
0 -0.291833 1.47038 -0.371572 
0 -0.731037 2.09697 -0.0961002 
0 0.445173 2.49127 0.796668 
0 0.163438 2.00728 0.51145 
0 0.21362 1.79348 0.917914 
0 0.607891 1.72784 0.150406 
0 0.292958 0.806608 0.209782 
0 0.259662 1.8122 0.710516 
0 0.692356 2.52385 0.756848 
0 1.02499 3.14532 0.811863 
0 0.352075 1.78317 0.358909 
0 0.288077 2.02722 0.139822 
0 0.625746 2.18385 0.296693 
0 0.746815 2.02401 1.47283 
0 -0.264544 -0.399344 0.214192 
0 0.916543 3.06257 0.375144 
0 0.0347351 1.84673 0.721514 
0 0.532175 3.10648 1.41379 
0 0.0498476 0.85607 1.36478 
0 0.974997 3.10948 1.17915 
0 0.376378 3.11441 0.883521 
0 -1.34796 -0.0431549 -1.16199 
0 -0.343021 2.1791 1.25533 
0 -0.340818 1.52642 -0.804061 
0 -0.16449 1.17887 -0.715045 
0 0.243424 2.98973 0.783668 
0 0.774262 2.07843 0.517286 
0 0.305782 2.15962 0.776035 
0 0.382095 2.23626 0.697302 
0 -0.982417 0.130333 1.46528 
0 1.37323 3.62371 1.43324 
0 0.737198 2.33807 0.981907 
0 0.36078 1.61342 1.3368 
0 0.591309 2.43914 1.10644 
0 0.362728 2.23552 0.487946 
0 0.151818 2.95689 1.22443 
0 0.413755 2.12269 1.01953 
0 0.178764 2.32458 -0.582365 
0 0.428058 2.54152 1.37195 
0 -0.186407 -0.596128 -1.16316 
0 0.219542 0.943372 0.396478 
0 0.185005 1.75176 0.371207 
0 0.471836 3.01275 -0.181697 
0 1.01062 2.87712 0.777303 
0 0.544597 0.326352 0.7095 
0 0.18309 2.06619 0.644812 
0 -0.190212 0.323793 -0.0543474 
0 0.184207 2.78516 0.862579 
0 0.541784 2.19122 0.939255 
0 0.97164 3.51402 0.966523 
0 1.0072 3.8186 0.909795 
0 0.836423 2.95572 1.08543 
0 0.896554 2.72875 0.520629 
0 0.687869 2.41848 0.850771 
0 0.599702 2.1454 0.767257 
0 0.254392 2.43053 0.731784 
0 -1.40954 -0.671802 0.140455 
0 -0.102487 2.08996 1.41935 
0 -0.220249 2.5661 1.37724 
0 -0.212282 0.578778 -0.00936676 
0 0.0262866 0.844276 0.703914 
0 1.02514 2.69928 1.52031 
0 0.185933 4.05036 1.4767 
0 0.676844 2.58658 1.12523 
0 0.800894 1.11225 0.46395 
0 0.209051 2.0668 0.0629671 
0 0.541088 2.4306 0.879848 
0 0.289593 2.50217 1.46354 
0 0.405291 2.01758 0.65436 
0 0.233888 2.52754 1.05881 
0 -0.0944631 1.8291 0.571365 
0 0.173784 2.53069 1.3267 
0 0.643174 2.91731 1.87806 
0 0.0406375 1.63066 -0.531341 
0 0.835267 2.1997 1.60279 
0 0.418709 2.51821 1.08055 
0 -0.83595 1.71036 1.1096 
0 0.568345 2.69091 0.502839 
0 0.808671 2.58199 1.30374 
0 0.536919 3.31258 1.40366 
0 0.213709 2.44985 0.762015 
0 0.148946 2.72766 1.33713 
0 0.0207832 1.5715 1.12425 
0 0.143904 2.24987 0.657149 
0 0.575012 2.26424 0.190865 
0 0.732569 2.63554 0.566749 
0 -0.0152915 2.54054 1.07983 
0 0.240848 2.61638 0.797015 
0 -0.92342 -0.231523 1.17617 
0 0.62856 2.56676 1.36815 
0 0.41735 2.6082 1.24508 
0 -0.496855 0.348862 -1.24939 
0 -0.333688 1.08263 -0.922702 
0 0.187552 2.05584 0.215187 
0 -0.469867 1.04065 -1.21839 
0 0.333135 2.28977 0.0655662 
0 0.160352 2.44092 0.990653 
0 0.745243 2.44108 0.792488 
0 -0.409963 1.94896 0.364035 
0 0.174129 1.86329 1.3156 
0 0.445122 2.94538 0.797653 
0 0.43949 1.94867 0.399144 
0 -0.0656695 0.989307 -0.267197 
0 1.01983 3.0315 0.365265 
0 -0.48891 2.90787 1.48595 
0 0.439157 2.44489 0.355129 
0 0.511255 1.84625 0.200304 
0 0.0577001 2.18025 0.161673 
0 0.306981 1.82828 0.907591 
0 0.886532 3.31533 1.42212 
0 0.655187 3.93955 1.16463 
0 0.140447 1.99593 0.832767 
0 -0.0327348 3.33238 1.90884 
0 0.160248 1.89062 0.668134 
0 0.383908 2.81786 0.781061 
0 0.643514 2.79945 1.02872 
0 1.59006 2.33451 1.04742 
0 0.307846 2.48 1.06741 
0 0.174063 0.870181 -0.637141 
0 0.279779 4.49339 1.42511 
0 0.285154 3.08711 -0.17178 
0 -0.0721069 3.4481 1.40312 
0 0.0329513 2.17617 0.929656 
0 -0.301863 2.18815 1.19311 
0 0.671813 2.92408 0.901895 
0 -0.093637 2.09918 1.75268 
0 0.528862 2.46727 1.19225 
0 0.884027 2.97259 0.671762 
0 0.63778 3.13301 1.0076 
0 0.306049 2.24434 0.850327 
0 -0.173162 1.96689 0.602464 
0 0.102806 2.00097 1.13405 
0 0.246789 2.09138 0.855535 
0 0.407733 2.49545 1.25045 
0 0.176911 2.30658 0.67544 
0 0.0934194 3.2515 1.13938 
0 -0.439493 1.97195 0.726195 
0 0.611891 2.03249 1.13753 
0 -0.827958 1.67527 1.05432 
0 -0.508161 3.30004 0.423905 
0 -0.0306747 2.38369 0.739611 
0 0.77282 3.01918 1.1443 
0 0.291568 2.4788 0.744262 
0 0.552209 2.95807 1.03402 
0 0.127702 2.71252 1.11215 
0 0.234682 2.46498 0.64512 
0 0.248374 2.65434 0.732009 
0 -0.383891 2.07562 0.384289 
0 -0.501757 2.07091 1.23955 
0 -1.91058 0.812057 -0.636835 
0 -1.12481 1.79584 0.605619 
0 -1.21579 0.988864 0.0553002 
0 0.121148 1.77183 -0.0524829 
0 0.595499 2.33656 0.540569 
0 0.591726 3.07536 0.878439 
0 0.0376349 2.71114 1.39128 
0 0.357639 2.99931 1.3496 
0 0.347592 1.9462 0.410588 
0 0.556319 1.97811 0.120683 
0 0.053452 2.32106 0.475447 
0 0.666418 2.76118 1.25185 
0 0.67093 2.68991 0.987115 
0 0.871521 2.62803 0.497296 
0 -0.0494963 1.21701 -0.425952 
0 0.610605 2.51121 0.873262 
0 0.674587 4.43985 1.38624 
0 -2.46059 -4.39695 -4.63143 
0 0.797519 2.7697 0.931913 
0 0.938704 2.43831 0.774808 
0 0.0948695 1.75588 0.623405 
0 0.637167 2.69826 0.368237 
0 -1.29171 1.06437 -0.157598 
0 0.313333 1.59421 0.111784 
0 0.0705745 1.38663 0.298255 
0 0.0122012 1.85965 1.2462 
0 0.769593 2.57555 0.868865 
0 0.237922 2.53326 1.20915 
0 0.364417 2.9205 0.71937 
0 0.749992 3.01904 1.12802 
0 0.787964 2.75298 2.07052 
0 1.22937 3.13721 0.923153 
0 0.437246 1.49908 0.183587 
0 0.339968 2.33111 0.714957 
0 0.13546 1.25912 -0.593463 
0 0.650118 2.56691 0.741056 
0 0.682309 2.53444 0.763607 
0 0.482204 2.07259 0.606526 
0 1.11942 3.65178 0.841479 
0 1.07059 3.21909 0.507848 
0 0.48262 1.54404 0.651073 
0 0.764177 2.65648 0.817377 
0 1.23244 3.15385 0.462022 
0 0.16987 2.18006 0.105456 
0 0.586868 3.42284 0.91266 
0 0.743949 2.53278 0.516982 
0 0.561694 2.08097 0.388906 
0 -1.09694 2.51856 1.12842 
0 0.114773 2.02888 1.27342 
0 0.432223 2.16075 -0.65586 
0 0.257551 0.935075 -0.0802925 
0 0.590475 1.88911 0.30761 
0 1.02903 3.42262 1.13229 
0 -0.158137 0.141093 0.332142 
0 0.97062 3.0587 1.06268 
0 0.579064 3.34376 1.26276 
0 0.290924 2.38656 0.359569 
0 -0.0693917 1.56592 0.0317634 
0 0.737177 2.86179 1.1807 
0 0.442393 1.15453 0.27742 
0 0.0325286 1.67638 0.126106 
0 -0.152512 2.05017 0.737897 
0 0.233815 2.27492 0.109606 
0 0.706672 2.72521 0.979981 
0 0.26302 1.57472 1.04516 
0 -0.502576 0.940742 0.0650328 
0 0.392094 1.97794 0.725953 
0 0.120075 2.51846 0.812875 
0 -0.148359 2.48864 -1.05483 
0 0.815603 2.9802 0.504756 
0 0.154139 2.20824 0.278243 
0 0.102737 1.81749 0.919043 
0 0.348991 2.42493 0.395254 
0 0.499252 2.99903 0.833287 
0 -0.117704 3.09419 1.1674 
0 0.796166 2.10354 0.901709 
0 1.13719 2.59411 0.940142 
0 -0.644157 0.535811 -0.232019 
0 1.08686 2.88241 1.21322 
0 0.895242 2.2614 0.474964 
0 -0.302708 3.36169 1.20087 
0 -0.0688124 2.21605 0.649006 
0 0.402661 1.45106 1.13504 
0 0.994186 4.0247 1.17752 
0 0.652112 3.88189 0.387663 
0 0.29702 1.87157 -0.484972 
0 -0.341251 1.63208 0.416699 
0 0.523266 2.94749 0.313905 
0 0.224884 2.84659 1.08083 
0 0.305634 1.42495 1.22382 
0 0.0776854 2.25396 0.546876 
0 0.00378323 2.34249 0.647086 
0 0.395873 2.90559 1.00687 
0 0.646257 2.93153 1.19461 
0 0.211874 2.67939 1.09898 
0 1.09439 2.70851 0.631925 
0 -0.875011 1.64742 1.52218 
0 0.292163 2.43035 0.738223 
0 0.628269 2.26043 0.537822 
0 0.819709 1.12053 1.0263 
0 0.00290225 3.17342 0.916656 
0 0.861382 3.32416 1.34109 
0 -0.492882 2.09167 1.08385 
0 0.595576 3.36985 1.34493 
0 0.513052 2.67359 0.955124 
0 -0.0143768 1.95462 0.979072 
0 0.0581468 1.41721 0.274883 
0 0.445536 1.45645 0.287651 
0 -0.170225 2.18537 0.559985 
0 0.0417039 2.10945 0.535585 
0 -0.320935 1.34622 -0.15175 
0 -0.966401 1.81338 0.433495 
0 0.485142 1.69981 1.09937 
0 0.650353 2.66086 1.03629 
0 0.0617317 2.45565 0.372853 
0 0.844472 2.30372 0.281702 
0 0.531389 2.20541 1.29699 
0 0.30568 2.1657 -0.290351 
0 -0.64668 0.910197 -0.388638 
0 -0.242755 2.40777 0.950902 
0 0.424423 2.25549 1.28231 
0 0.36866 2.69844 0.980876 
0 -0.59945 0.92094 0.242949 
0 0.653127 0.7492 0.326195 
0 0.0969752 1.8712 0.73148 
0 -0.411071 2.30302 0.970678 
0 -0.695046 2.32988 1.11289 
0 -0.0734965 2.99168 0.977324 
0 0.593681 1.38855 -0.11564 
0 0.735499 2.29682 0.321514 
0 -0.552579 0.838243 -0.568071 
0 -0.0503204 2.76596 -0.801909 
0 0.458594 2.82257 0.456921 
0 0.545945 2.39822 0.379582 
0 -0.433209 2.03102 1.17798 
0 0.349607 3.63088 1.45451 
0 0.304143 2.8078 1.62151 
0 0.447251 2.59184 0.66309 
0 0.373429 2.23699 0.540652 
0 0.204386 2.73069 0.975676 
0 0.0321369 2.32004 0.698323 
0 0.118998 2.71844 1.35101 
0 0.266554 2.66648 1.19977 
0 0.78947 2.42783 0.746097 
0 0.404404 3.91401 0.891306 
0 0.263125 1.96724 0.595897 
0 0.0309016 3.286 1.25354 
0 0.298726 1.82573 0.930286 
0 0.0783602 1.54698 -0.639871 
0 0.557644 2.73657 0.686196 
0 0.445535 2.11963 1.07569 
0 0.476999 4.15903 1.00445 
0 -0.746029 1.08783 0.195535 
0 -0.688223 0.674927 -0.498861 
0 0.49209 2.57027 0.981383 
0 0.983578 3.01754 1.06264 
0 0.094924 2.68176 1.17962 
0 0.561389 2.77768 0.937996 
0 -0.16727 2.38093 0.584284 
0 0.699806 3.08014 1.49149 
0 0.377226 2.70303 0.782963 
0 0.121299 4.02592 2.01434 
0 0.200865 1.01776 0.629077 
0 0.151105 2.5453 0.874186 
0 0.496181 1.98169 0.737822 
0 -0.0218758 1.336 -0.430287 
0 -0.510815 0.905727 -1.21933 
0 -0.0476175 2.38606 0.186373 
0 -0.0987296 2.40199 1.50142 
0 0.250922 1.39842 1.24 
0 0.737892 1.59748 -0.182953 
0 0.13915 2.23513 0.719912 
0 -0.272973 1.35586 -0.924801 
0 0.0790321 1.77842 0.532008 
0 0.187666 -0.428034 -0.495999 
0 0.999596 2.50418 0.237662 
0 0.0131405 2.38042 1.36171 
0 0.9581 3.54739 1.32901 
0 -0.416651 1.6911 -0.338927 
0 0.164819 2.58621 0.735944 
0 -0.226432 2.89492 1.37633 
0 0.245502 1.794 0.544693 
0 0.620631 2.79698 0.871894 
0 -0.109475 2.09383 -0.318759 
0 0.846843 2.53705 0.812845 
0 0.478727 2.38244 0.59913 
0 -0.428913 2.10501 0.592077 
0 0.228298 2.43074 0.825384 
0 -0.0456347 0.983844 0.62607 
0 0.269839 1.67096 0.476953 
0 0.414852 2.21795 0.345881 
0 1.40629 3.56817 1.0374 
0 -0.894796 1.36168 0.0943903 
0 0.627868 2.40198 0.652161 
0 0.13345 1.83688 0.350288 
0 0.536488 1.90508 0.703184 
0 0.500493 3.53905 1.50131 
0 0.211218 1.72119 0.459293 
0 0.733178 3.27283 1.33716 
0 1.17259 2.83474 1.06676 
0 0.635312 2.53269 0.701071 
0 0.917074 4.71967 1.29263 
0 -0.413671 0.728049 -0.740302 
0 0.348281 1.98658 0.808515 
0 0.277768 2.8703 0.937828 
0 1.06326 2.781 1.45435 
0 -0.240929 1.86918 1.05625 
0 0.730264 3.37674 1.1383 
0 0.853166 2.61318 0.617496 
0 0.164647 2.43964 1.38886 
0 0.296073 3.02124 0.965419 
0 0.834412 3.49165 1.22323 
0 -1.1909 0.0499556 -1.6161 
0 0.533645 1.96347 0.962147 
0 0.707271 3.37285 0.688581 
0 0.278899 2.20949 0.692278 
0 0.547338 2.20077 0.126988 
0 0.255913 2.39506 0.705287 
0 0.846066 2.33488 0.606409 
0 0.370892 2.66911 0.413165 
0 0.314862 2.62964 1.22256 
0 0.855807 2.92576 0.499599 
0 0.452857 3.00084 1.32134 
0 0.103797 2.36621 1.36234 
0 1.4957 3.10019 1.10629 
0 0.724648 4.05545 1.05643 
0 0.1355 2.24588 0.402223 
0 -0.14219 1.47503 0.133069 
0 0.736939 2.05361 0.0725359 
0 -0.0819326 0.0973417 2.07906 
0 0.610622 1.89255 0.394562 
0 0.426691 3.29245 0.950392 
0 0.170942 3.07489 1.07884 
0 -0.68094 -0.0926965 -0.997046 
0 0.864244 2.9898 0.624114 
0 1.24215 3.26983 0.704449 
0 0.563329 2.53496 1.25943 
0 0.629194 1.84857 1.02552 
0 -0.0837824 1.77714 -0.446072 
0 0.410389 2.18259 0.425612 
0 0.123302 4.04357 1.20351 
0 0.10539 2.24227 0.535587 
0 0.0718931 2.07104 0.750954 
0 0.91967 1.95464 1.16698 
0 1.01908 0.983637 1.45293 
0 0.706174 2.21474 0.581233 
0 0.682818 3.95685 1.68221 
0 0.553349 2.92293 1.08611 
0 -0.0979394 0.628567 -1.12762 
0 -0.311852 2.66984 1.28442 
0 0.255367 2.46091 0.717995 
0 0.172611 0.222287 0.675548 
0 0.649593 3.11448 1.44341 
0 0.430131 2.22695 -0.234824 
0 -0.270346 2.35279 1.3135 
0 1.20912 1.84185 0.123472 
0 0.712805 2.31936 1.07782 
0 0.500424 3.15723 0.939493 
0 0.382752 2.0547 0.871791 
0 -0.296672 3.12673 2.04264 
0 -0.718775 1.19439 0.139049 
0 0.130737 4.34626 1.23134 
0 0.825654 2.87137 0.97085 
0 0.514887 2.90274 0.873091 
0 0.788315 2.56499 1.22638 
0 -0.223574 1.50361 0.115448 
0 0.211637 2.56712 1.22263 
0 0.46669 3.15704 1.21757 
0 0.204915 1.36765 0.437112 
0 0.267424 1.82938 1.15503 
0 0.104301 3.85458 0.914375 
0 -0.0737041 0.708213 0.117394 
0 0.199293 2.76006 1.47389 
0 -0.395774 2.50194 1.25021 
0 0.664865 1.70362 0.276724 
0 -0.664317 2.1531 0.849276 
0 -0.0477304 1.59664 0.743718 
0 -0.152509 0.897705 -0.967131 
0 0.561179 2.87519 1.05888 
0 0.585811 3.39363 2.44123 
0 0.863913 3.33543 0.992543 
0 0.231355 2.66438 1.75745 
0 0.56816 2.40848 0.669252 
0 -2.79354 2.38604 1.06099 
0 0.0324019 1.39755 0.828559 
0 0.309632 1.7897 1.29792 
0 0.15693 2.84584 0.648155 
0 0.390258 3.02822 1.35824 
0 0.435808 2.21598 1.12787 
0 -0.01525 1.59944 0.776213 
0 -0.48621 2.71953 0.580731 
0 -0.610403 2.77649 1.24551 
0 0.616855 2.71309 1.15393 
0 -0.606991 1.17554 0.617745 
0 0.368381 2.06544 -0.409916 
0 0.415753 1.70662 0.237595 
0 0.660428 2.9084 0.963056 
0 0.389161 1.92865 1.14461 
0 -0.186182 1.87095 0.659625 
0 0.313834 2.3385 1.03276 
0 0.125732 1.38451 0.137218 
0 -0.687648 1.33821 0.870651 
0 0.0720295 0.190664 -1.20528 
0 0.760248 3.11517 0.880576 
0 0.331729 2.58439 0.914785 
0 -0.461354 1.60961 -0.0484185 
0 0.872681 2.75284 0.598483 
0 0.737446 3.02464 1.06567 
0 0.573446 3.37793 -0.394194 
0 0.721998 2.38681 1.42971 
0 0.145717 2.18816 1.10812 
0 0.213257 1.59062 0.00759376 
0 0.814503 3.89631 2.2121 
0 0.302431 2.15245 0.978501 
0 -0.247168 2.53584 0.86583 
0 0.64483 2.49385 1.74105 
0 0.399137 2.71233 1.1136 
0 0.444439 3.23094 1.03217 
0 0.276036 2.70826 1.01554 
0 0.351977 2.68135 0.613124 
0 -0.308378 1.364 1.10872 
0 0.806058 2.69936 1.30818 
0 -0.220766 0.99919 -0.754697 
0 0.198181 2.50929 1.18486 
0 1.21787 3.87402 1.77168 
0 -0.0896592 -1.1297 -0.575997 
0 0.495441 2.02456 0.0675336 
0 -0.134745 1.79507 0.563869 
0 0.162912 2.11505 1.02287 
0 0.503237 1.70924 1.07582 
0 -0.0975793 2.09987 0.70718 
0 0.866559 2.76719 0.732476 
0 -0.0405121 1.64045 -0.345686 
0 0.0584113 2.59332 0.519236 
0 0.404418 4.10347 1.43507 
0 0.517386 2.61643 1.05039 
0 0.311288 2.66418 0.981174 
0 0.0211375 1.86021 1.38225 
0 0.147739 1.74368 1.07401 
0 -1.15064 -0.204175 -1.31479 
0 0.278668 2.69298 1.24754 
0 0.0105052 2.24407 0.747519 
0 0.423114 2.27252 0.572524 
0 0.351916 3.02925 1.01245 
0 0.431362 2.56479 1.25012 
0 -0.604608 2.04212 1.54767 
0 0.124284 3.34574 0.726238 
0 -0.0548922 2.25655 0.906098 
0 -0.189069 1.13447 0.40181 
0 0.446553 2.53507 0.47635 
0 -0.36554 1.91085 0.611921 
0 0.743042 2.26326 0.708134 
0 0.516222 1.62248 1.14646 
0 0.0857422 2.35168 1.1689 
0 0.677147 2.8634 1.3652 
0 -0.0818943 2.09453 0.95434 
0 0.589737 4.1277 1.10815 
0 0.0127568 1.48385 -0.178946 
0 -0.952097 1.12909 0.513916 
0 0.575013 3.19011 0.469288 
0 0.260951 0.779102 0.0112363 
0 0.714132 2.83834 0.867166 
0 -0.69294 0.156537 -1.46198 
0 0.144568 2.62108 1.32456 
0 -0.0769878 2.28392 0.662231 
0 0.959577 2.93646 0.576153 
0 0.843986 3.11092 1.09176 
0 -0.262314 2.53502 1.0239 
0 0.517984 2.43295 0.531854 
0 0.0236768 1.88891 1.35756 
0 0.739473 2.85354 0.965251 
0 0.481015 2.6142 1.26778 
0 0.0495902 -1.59646 0.509987 
0 0.315048 2.13536 1.27211 
0 0.141955 2.29268 0.735868 
0 0.239971 2.08374 0.251941 
0 0.115074 1.94562 1.44121 
0 -0.528717 0.570079 -0.340656 
0 0.446446 1.82608 1.05089 
0 0.572924 2.95465 0.172172 
0 0.0763218 2.31845 0.637286 
0 0.452574 3.28643 0.551866 
0 0.217635 2.30632 0.635116 
0 0.639673 2.22532 0.466591 
0 0.15792 1.6674 1.13577 
0 0.332957 2.21708 0.896158 
0 1.40793 3.0728 1.05436 
0 0.804286 2.83401 0.92405 
0 0.192579 3.23845 1.09747 
0 0.117893 2.3026 0.735847 
0 0.767746 3.69323 1.42683 
0 0.626331 2.26537 1.3318 
0 -0.083691 1.95278 0.706952 
0 0.0992221 2.43639 1.75153 
0 0.478284 1.75493 0.13239 
0 -1.018 -0.624248 -0.219653 
0 0.389827 1.94662 0.885327 
0 -1.21475 0.870537 0.337246 
0 -0.214359 2.61231 1.12425 
0 0.520864 2.96703 0.925491 
0 0.492991 3.02035 1.10659 
0 1.01975 2.79707 1.01102 
0 0.297973 2.50576 1.07426 
0 0.737988 2.53686 1.39421 
0 0.88845 2.78401 0.652261 
0 -0.332553 1.3601 1.31815 
0 0.444441 2.66278 0.687128 
0 -0.369267 2.32587 1.13945 
0 -0.546998 2.16713 0.915233 
0 0.659171 3.06697 1.44537 
0 -0.326551 2.32873 1.09972 
0 0.601263 2.46566 0.734293 
0 -0.552468 3.18719 1.12793 
0 -0.0765154 2.14648 0.648243 
0 1.05909 2.91631 0.546626 
0 0.0683788 4.29175 0.87488 
0 0.470095 1.61234 0.783194 
0 1.09518 3.20727 1.2393 
0 0.0563154 3.46967 0.642932 
0 -0.139565 0.73263 -0.10008 
0 0.604646 1.64917 0.513863 
0 1.0311 2.63623 0.0141615 
0 0.201535 1.97662 0.0134205 
0 0.708136 3.3569 0.787309 
0 0.698424 2.58633 0.976186 
0 -0.367538 1.89377 0.817472 
0 0.768664 2.47068 0.795091 
0 0.631602 2.33237 1.02195 
0 0.629872 2.43347 1.60419 
0 0.322201 1.83583 0.857653 
0 0.147716 2.10582 0.259646 
0 0.930622 2.50423 0.143117 
0 -0.0986956 1.11637 -0.0699121 
0 0.288265 1.48637 1.71367 
0 0.329737 2.26239 0.840151 
0 0.654857 3.11907 -0.14402 
0 0.713862 2.8714 1.42344 
0 0.165962 2.14849 0.500298 
0 1.31936 3.28175 0.82075 
0 -0.402753 1.79626 1.22692 
0 1.26272 3.25456 0.838215 
0 -0.0497014 1.49397 0.508932 
0 -1.26068 0.689518 -1.38234 
0 0.153923 1.45921 0.421669 
0 0.0562283 0.988252 0.674255 
0 0.840477 3.54089 0.487907 
0 0.356305 1.98685 0.955062 
0 0.213273 2.23371 0.464461 
0 0.526336 2.05355 0.636233 
0 -0.258739 0.808276 0.720195 
0 0.44783 2.5075 0.45964 
0 0.27451 1.59197 0.563993 
0 0.4351 2.53772 0.503052 
0 0.500878 2.21264 1.01828 
0 0.239903 2.29315 1.17356 
0 0.347583 2.41427 0.582853 
0 0.652981 2.51784 0.311909 
0 -0.0752552 2.6616 0.955617 
0 0.628921 2.86731 0.571653 
0 -0.406319 1.75616 0.778793 
0 0.138678 1.734 0.543238 
0 0.869429 3.26706 1.07058 
0 0.899285 1.95973 0.275743 
0 0.384308 4.00717 0.59368 
0 0.107033 4.21659 0.793347 
0 0.723706 3.22196 0.317206 
0 -0.453753 2.56872 1.06541 
0 0.550157 3.26462 1.12545 
0 0.94801 3.69729 1.02152 
0 0.137008 0.410073 0.441191 
0 0.353919 3.66478 0.614946 
0 -0.142006 2.91917 1.35071 
0 0.861166 2.66295 0.615852 
0 0.904324 2.86639 0.279647 
0 0.530994 2.88294 0.984363 
0 0.1931 2.99031 1.17805 
0 0.140789 1.68303 -0.140614 
0 -0.304614 1.76546 -0.798868 
0 -0.0148337 2.886 0.920245 
0 0.16172 1.84259 -0.897521 
0 0.221242 1.52668 0.0220752 
0 0.151253 2.5256 1.41543 
0 1.11044 0.705228 0.935988 
0 0.396896 2.18541 0.80612 
0 -0.101551 1.96761 0.675777 
0 0.421388 2.65071 1.01804 
0 0.539086 3.18111 1.28941 
0 0.299159 3.58278 0.542545 
0 0.34021 1.00447 0.779436 
0 -0.160808 -0.84279 -0.637333 
0 0.0983271 -0.6576 -1.00203 
0 0.621491 -1.37137 -1.02276 
0 0.276459 2.44588 0.866764 
0 -0.460554 1.30999 0.557282 
0 0.113132 0.962826 0.791495 
0 -0.341928 1.02875 0.218791 
0 0.0988032 1.94764 1.26703 
0 0.58182 1.94425 0.687039 
0 1.00133 2.83529 0.819458 
0 0.219235 1.40714 0.0883563 
0 0.193959 2.77121 0.126984 
0 0.895328 2.82081 0.88669 
0 0.630458 2.65182 0.957392 
0 0.251389 2.16125 1.45786 
0 0.555312 2.66203 0.860714 
0 -0.483693 1.90954 1.32916 
0 0.0768188 1.35892 0.786068 
0 0.871721 3.01711 1.20851 
0 0.813073 2.6244 0.981435 
0 1.17184 4.29625 0.816613 
0 0.955853 2.32448 0.653371 
0 0.708212 4.11015 1.26048 
0 -0.503869 1.48307 0.12578 
0 0.401262 3.05397 1.05941 
0 0.362957 1.98111 0.803914 
0 -0.0384004 0.698466 0.485914 
0 0.426165 3.26306 1.1713 
0 0.0659932 1.60079 0.977532 
0 0.423267 2.28332 0.656664 
0 0.0469292 2.18053 1.10089 
0 0.480539 3.06972 0.800005 
0 0.241168 1.70808 0.639554 
0 0.562341 2.44469 0.768953 
0 0.250222 2.26464 0.704651 
0 0.0322593 1.81541 -0.0249421 
0 0.125353 2.36466 0.412959 
0 0.236648 1.30791 -0.0338431 
0 -0.386162 1.34769 -0.80732 
0 0.526285 3.55374 1.05671 
0 -0.137138 1.8639 0.113755 
0 0.678119 1.62889 0.646557 
0 0.586509 2.81536 1.17543 
0 0.32964 2.9251 0.961964 
0 0.372325 2.88473 1.03109 
0 0.226 2.42214 0.393004 
0 0.0601611 1.41533 0.126871 
0 0.580598 3.00348 1.22877 
0 0.698223 2.47242 1.28838 
0 0.288741 2.47518 1.26786 
0 -0.287593 0.23157 -6.663 
0 -0.0888512 2.01142 1.28071 
0 0.0566565 2.94854 0.651507 
0 -1.35429 -0.0358281 -2.0808 
0 -0.413999 1.71737 0.855342 
0 0.197883 1.72938 0.624466 
0 0.00820233 1.86462 -0.545718 
0 0.827948 2.2044 1.51535 
0 0.00942877 1.64244 -0.0434972 
0 0.250434 2.86279 0.269831 
0 0.227538 1.3524 -0.291931 
0 0.677055 3.14733 1.47944 
0 0.448003 2.83255 0.610191 
0 0.765562 2.48114 0.665674 
0 0.36898 3.71493 0.779331 
0 0.507635 2.5817 0.890236 
0 0.510361 2.06504 0.717364 
0 0.664394 1.89205 0.345416 
0 -0.343956 0.797018 -0.659345 
0 0.812495 1.72571 0.79299 
0 0.608805 2.09403 1.30609 
0 0.107985 2.19725 1.08456 
0 -0.299354 1.91616 0.870221 
0 0.808539 2.70709 1.18808 
0 -0.355652 0.838347 0.588949 
0 0.225238 1.74415 1.17428 
0 -1.01523 1.20671 0.133535 
0 -0.0519528 2.4322 0.534067 
0 0.984095 3.12244 0.981672 
0 -0.00660611 2.08839 0.896352 
0 0.641199 2.37363 1.03106 
0 0.454718 2.03188 0.1334 
0 0.353877 3.39509 0.530041 
0 0.378611 2.65621 1.40368 
0 0.235293 1.90675 0.877549 
0 0.263955 1.32319 0.052251 
0 0.596462 2.55368 0.931254 
0 0.0184137 2.79362 0.404708 
0 0.518954 3.34918 0.392702 
0 0.527306 2.34023 0.130574 
0 0.0659972 1.66954 0.649652 
0 0.202858 2.05807 -0.174444 
0 0.0748979 2.27008 0.174209 
0 0.545431 1.67413 0.368067 
0 1.01958 2.42145 0.856766 
0 0.783628 3.04386 1.39383 
0 0.275953 1.97688 1.01098 
0 -0.0630798 2.93704 1.52985 
0 0.481618 2.07549 0.716662 
0 0.381092 2.21013 0.958838 
0 0.441071 2.04809 0.53432 
0 -0.00676314 3.05181 1.46946 
0 -0.788514 2.11972 0.893802 
0 0.948306 3.16332 1.02932 
0 -0.39172 2.249 0.709422 
0 0.728803 2.24018 0.481343 
0 0.139508 2.7293 1.05484 
0 0.266734 2.64345 0.715858 
0 0.901115 3.22583 1.12835 
0 0.578227 3.0849 1.49527 
0 0.787308 3.04927 1.36611 
0 0.937394 2.29382 1.00456 
0 0.466579 2.32226 1.77457 
0 -2.41956 1.7924 0.76693 
0 -1.01122 1.65993 -0.370384 
0 0.196344 2.96515 0.765375 
0 0.683088 3.65532 1.08569 
0 0.926141 2.82003 0.890833 
0 0.67883 2.61945 1.09667 
0 0.440779 1.60903 0.673718 
0 -0.0359252 0.0765556 0.155258 
0 0.178187 2.66517 0.69935 
0 -1.67204 0.863721 1.2449 
0 0.278613 3.77767 0.481266 
0 -0.602438 2.34388 1.44822 
0 0.789702 2.3194 1.16808 
0 -0.0814659 2.95083 0.946392 
0 -0.487369 1.40801 0.587048 
0 0.483207 1.95279 0.52303 
0 0.330655 2.36821 0.865756 
0 0.555401 2.8262 0.226379 
0 0.493661 1.97899 0.246899 
0 0.849952 3.10362 0.977205 
0 0.477953 1.98021 -0.181055 
0 0.279294 2.93599 0.946403 
0 0.868188 2.72308 1.22335 
0 -0.0265094 3.00551 1.3515 
0 0.227179 1.87195 1.41262 
0 0.690901 3.52697 1.07117 
0 0.826877 2.63989 0.320787 
0 0.555507 3.447 1.01921 
0 0.69023 1.69945 0.261669 
0 -0.0675419 0.641295 -1.33825 
0 0.038513 1.30903 -0.640547 
0 0.470051 2.62251 0.650165 
0 0.754029 3.99079 1.06488 
0 0.625145 3.00496 0.478934 
0 0.428982 2.03259 0.886298 
0 1.12427 2.69084 1.34263 
0 0.406455 2.77244 1.16528 
0 -0.0682853 1.92308 0.108427 
0 0.487533 3.15787 1.10698 
0 0.0456361 2.41078 1.48222 
0 0.336553 2.52609 0.436548 
0 0.383258 2.25188 0.982344 
0 -0.00322238 1.37066 0.471979 
0 0.635551 2.37821 2.03306 
0 0.757067 3.09113 0.833549 
0 0.673542 3.39717 1.38062 
0 0.765202 2.66243 0.344645 
0 0.795789 2.60187 0.238776 
0 0.0119224 2.37315 1.21487 
0 0.575744 2.65269 0.806018 
0 1.02316 4.94187 1.16943 
0 0.48099 2.48621 0.692655 
0 0.732304 3.81697 0.806539 
0 -0.106406 1.40534 -0.508067 
0 0.260292 1.17839 0.632107 
0 0.451077 2.34532 0.471502 
0 0.406459 2.43722 0.34199 
0 0.839536 1.91678 0.0617325 
0 -0.0498804 2.25016 0.980645 
0 0.554462 2.55163 0.936155 
0 0.686126 2.31198 1.386 
0 0.0723523 2.65809 0.762851 
0 0.458259 2.96583 1.76454 
0 0.688384 1.05645 1.34136 
0 -1.86926 2.06098 1.77074 
0 0.365517 2.57692 1.20742 
0 0.682181 2.26639 0.342887 
0 0.205972 2.60578 0.490348 
0 -0.233567 3.39378 0.505159 
0 -0.214895 2.16856 1.0548 
0 -0.305681 1.94951 1.00203 
0 -0.0528636 1.96856 0.323494 
0 0.326666 1.7644 -0.183395 
0 0.93014 3.1378 1.64872 
0 0.114333 1.73426 1.3518 
0 1.3893 3.27458 0.714729 
0 0.363725 1.17349 1.11051 
0 -0.42786 1.26959 0.934917 
0 0.406054 2.93048 0.844759 
0 0.36549 3.81451 0.448588 
0 0.85169 2.68059 0.555804 
0 -0.130553 0.455667 -0.95782 
0 0.14669 2.29744 1.26333 
0 -0.124974 1.76844 -0.109949 
0 0.771315 2.89357 1.21196 
0 0.605686 2.32973 0.860433 
0 0.165278 2.26912 0.605998 
0 -0.164024 1.19894 0.939355 
0 -0.112437 2.2738 1.47825 
0 0.0349285 2.65469 0.763752 
0 0.101101 1.21432 0.00900076 
0 -0.465154 1.50588 -0.185785 
0 0.656378 3.43371 1.11446 
0 0.322883 2.00116 0.843613 
0 0.743397 2.72061 1.10873 
0 0.484031 3.35629 0.963196 
0 0.224382 2.58509 0.374512 
0 -0.0521976 4.14674 1.52192 
0 0.292624 3.95349 0.70388 
0 0.698806 3.16555 1.23762 
0 0.472514 2.14087 1.25664 
0 0.500885 2.22911 1.33195 
0 0.123573 2.71596 0.0116906 
0 0.287358 2.36995 1.17739 
0 -0.185594 0.607671 0.439264 
0 0.717056 1.91255 0.922962 
0 0.680494 4.29735 1.61878 
0 0.969463 3.63096 1.004 
0 -0.307831 1.64391 -0.810757 
0 -0.199228 1.14659 -0.727823 
0 -0.503828 2.3561 0.932849 
0 -0.136097 1.06387 -1.12631 
0 -0.173731 1.29198 -0.635634 
0 0.644737 1.80949 -0.282319 
0 -1.13895 0.0420574 0.531221 
0 -0.0902707 2.65362 1.21045 
0 0.568427 2.44489 0.475251 
0 0.490924 2.81778 0.41766 
0 0.608319 3.30984 0.823852 
0 0.162359 1.31201 0.669049 
0 0.650733 3.71633 0.901769 
0 0.317218 2.04503 0.365143 
0 0.299903 2.05816 0.437811 
0 1.29374 3.09158 1.08964 
0 -0.223269 1.28701 0.861192 
0 0.780647 1.54035 -0.00573248 
0 0.592059 2.10647 0.721093 
0 0.548213 2.26714 1.10486 
0 0.0425533 2.2183 1.41786 
0 -0.337511 0.0157432 -0.930065 
0 1.21214 3.41085 1.45926 
0 -0.416368 1.90278 1.09361 
0 0.577861 1.83481 0.0628164 
0 0.753536 2.81367 0.489629 
0 -0.129697 1.60873 -0.115743 
0 0.0485989 1.40206 0.827635 
0 0.463272 2.51711 0.437954 
0 0.603754 2.41073 0.054387 
0 1.05682 2.83302 1.12476 
0 0.653967 2.11057 0.340814 
0 0.110295 3.20661 0.422782 
0 0.980082 3.83052 1.33045 
0 0.827565 2.53071 1.22641 
0 0.547092 2.69502 0.867405 
0 0.119927 1.8427 0.65134 
0 0.436726 1.7249 -0.136342 
0 0.617435 2.42341 0.500705 
0 0.216418 2.89316 -0.0871221 
0 -0.308907 0.107139 -0.82503 
0 0.695114 2.67462 0.778044 
0 0.196033 1.42599 -0.606572 
0 0.40002 1.5159 0.778605 
0 0.208973 3.03494 0.463965 
0 0.413963 3.12013 0.216016 
0 0.770579 2.49257 0.182756 
0 -0.0957093 1.93002 0.479489 
0 -0.465742 1.6898 -0.726579 
0 -0.669016 -0.195271 -0.488167 
0 -0.177783 2.59031 1.87609 
0 0.3384 0.806036 0.841674 
0 0.337753 1.55563 0.291792 
0 -0.508491 1.01783 -0.267832 
0 0.764367 2.49771 0.395415 
0 0.0866774 2.67836 1.01444 
0 0.340295 1.96933 1.62989 
0 0.580497 2.04562 1.18655 
0 0.405512 2.56572 1.38247 
0 0.494164 3.19846 0.774195 
0 0.384575 1.80446 0.428577 
0 0.303822 2.21417 0.538173 
0 0.341178 1.87998 0.164853 
0 0.153956 2.20547 0.739076 
0 -0.157307 1.77865 1.18576 
0 0.408383 1.98936 1.24225 
0 0.692662 1.40294 1.00018 
0 0.0191568 0.794769 0.497661 
0 -0.109436 0.69381 0.782147 
0 0.113447 1.47616 -0.243326 
0 0.10443 1.839 0.190446 
0 1.46949 -1.11885 0.152374 
0 0.142934 2.44053 0.746409 
0 1.01848 3.39957 1.14888 
0 0.617092 1.93826 0.70879 
0 0.594219 2.61828 0.904578 
0 0.148421 3.27251 0.729084 
0 0.948599 3.19744 0.994328 
0 0.628017 3.03231 1.00997 
0 1.20316 3.23338 0.861703 
0 -0.510819 1.89275 1.32166 
0 0.51935 3.89919 0.58988 
0 0.268153 1.83615 0.505649 
0 0.281933 -0.514701 -0.522914 
0 0.344318 2.12177 0.194146 
0 0.279835 2.59257 0.746794 
0 0.292115 2.50546 0.555596 
0 0.324099 1.06723 0.280198 
0 0.677132 2.89738 1.08925 
0 0.809045 2.91783 0.620093 
0 0.0439182 2.10374 0.659816 
0 0.690316 2.9471 0.982758 
0 0.393274 1.8306 0.841445 
0 0.658408 1.58637 1.4366 
0 0.484477 2.60553 0.822058 
0 0.826238 2.36937 1.13004 
0 1.16189 3.60952 1.33767 
0 0.312949 2.769 0.955073 
0 0.0197925 2.75995 0.528561 
0 -0.147639 2.16232 1.05025 
0 -0.0572215 3.19484 0.878318 
0 0.268273 3.62862 0.0379305 
0 0.285759 2.55858 0.911903 
0 0.7054 1.92697 0.782621 
0 0.796174 3.25076 0.960078 
0 0.139248 1.94011 0.380674 
0 0.142733 2.18592 1.15737 
0 -0.696779 1.19276 0.223359 
0 0.349069 1.92396 0.958091 
0 -0.0863512 1.87479 0.912293 
0 1.49895 3.51934 1.17767 
0 -0.213652 2.30235 0.561639 
0 0.560913 3.38178 1.34645 
0 0.122812 2.11059 0.828493 
0 0.51866 2.2756 0.518422 
0 0.464796 1.87649 0.551454 
0 0.23186 2.65646 0.093453 
0 0.232839 1.05075 0.0130329 
0 0.897806 2.3704 0.228273 
0 0.0418597 2.43971 1.18545 
0 0.485715 0.575944 0.362998 
0 0.878136 2.5 0.231628 
0 1.07515 3.09905 1.02713 
0 -0.47063 1.8497 -1.03871 
0 0.200095 3.39019 1.16916 
0 0.860228 2.90432 1.09437 
0 0.118582 2.78227 0.696457 
0 0.811533 3.06421 0.608815 
0 0.182365 1.46352 0.372225 
0 -0.0761488 1.3593 -0.110843 
0 0.0785031 2.7509 0.793839 
0 -0.0748229 1.445 0.378679 
0 -0.437789 2.2114 1.0299 
0 0.432881 1.43209 0.510624 
0 0.445857 1.9776 0.761427 
0 0.995381 3.04162 0.944981 
0 0.196002 3.66229 0.351067 
0 0.497633 2.33362 0.618726 
0 0.260613 2.53068 1.15077 
0 -0.84229 1.61157 0.75902 
0 0.773672 3.10323 0.936922 
0 0.565153 2.81512 1.27736 
0 0.302103 1.85384 0.0557629 
0 0.753352 2.98282 1.23326 
0 0.591246 2.23542 1.33777 
0 0.283327 1.86584 0.406277 
0 0.409333 2.85461 0.935856 
0 0.790833 3.5009 0.571706 
0 0.743693 2.95448 0.510071 
0 0.435771 2.30721 0.988159 
0 0.284541 1.61128 0.728049 
0 0.308794 2.89209 1.39114 
0 -0.0840582 1.44157 0.449922 
0 -0.0253174 1.19046 -0.423957 
0 0.913301 2.86199 0.391804 
0 0.562053 2.46825 0.867447 
0 0.334003 2.03039 0.924704 
0 -0.496125 3.07329 2.1154 
0 0.357085 2.21557 0.465471 
0 0.733886 3.58534 1.04244 
0 0.110681 2.65046 0.675854 
0 0.401925 3.03468 -0.019261 
0 0.545983 2.0752 0.462553 
0 -0.170074 2.06339 1.73334 
0 0.297132 1.36258 1.0789 
0 0.521283 2.93335 0.543059 
0 0.405597 2.5602 0.488916 
0 0.609949 5.16893 1.70486 
0 0.349895 3.18268 0.8185 
0 0.481346 2.75285 1.37603 
0 -0.182976 2.79836 0.827079 
0 0.416372 2.56259 0.935404 
0 -0.496137 2.74271 1.44712 
0 -0.395105 2.10322 1.16472 
0 0.29269 1.37212 -0.430527 
0 -0.903468 1.23138 0.435706 
0 0.321283 2.27612 1.32056 
0 0.339042 2.78808 0.0186568 
0 0.438981 1.82956 0.475686 
0 0.434249 2.3552 0.939112 
0 -0.0527454 1.45615 0.124356 
0 -0.0202852 1.70916 0.780819 
0 -0.126529 1.98656 1.55082 
0 0.845054 3.3544 0.995238 
0 0.183235 2.4149 1.14127 
0 0.450838 3.22605 1.94332 
0 0.056116 2.20448 1.49299 
0 -0.0606812 0.952135 1.00794 
0 -0.935748 0.471849 -0.673379 
0 0.55894 2.69214 1.07084 
0 0.168951 2.21508 0.678128 
0 0.423603 2.89031 1.35311 
0 0.195801 2.00038 0.991033 
0 0.400214 1.96777 0.637494 
0 0.193362 2.33012 0.534317 
0 0.354923 2.01779 1.28758 
0 0.853367 2.70128 1.51294 
0 0.137765 2.92547 1.15645 
0 0.749056 2.56478 0.15562 
0 0.558334 4.36182 1.2107 
0 0.221583 2.05562 1.01592 
0 -0.627836 2.89043 1.75585 
0 -0.827697 -0.385102 -0.879667 
0 0.155899 2.27732 0.869731 
0 -0.144859 3.2322 1.91754 
0 -0.104469 2.53882 1.51978 
0 0.516854 4.09801 0.562225 
0 0.368765 2.73338 2.03301 
0 0.224255 2.37769 0.704746 
0 0.775797 3.44693 1.47979 
0 -0.395869 1.47688 0.850837 
0 -0.194034 1.57362 0.39561 
0 0.0645633 3.41562 0.48526 
0 0.389956 1.75689 1.21566 
0 0.655445 2.46083 1.25829 
0 -0.198792 2.20259 0.866507 
0 0.157175 1.02185 0.629505 
0 0.449248 1.87789 0.165422 
0 0.0746361 1.21124 0.884673 
0 0.23954 2.33935 0.42346 
0 0.688631 2.86797 0.910119 
0 0.318132 2.25931 0.87046 
0 0.377334 2.49589 0.534376 
0 0.622858 2.53306 1.37269 
0 0.334945 2.31665 1.09201 
0 0.527282 2.15345 1.45063 
0 0.298972 1.88088 -0.0963139 
0 0.115774 1.53567 0.91691 
0 -1.25054 1.02241 0.513651 
0 -0.695008 -0.264697 -1.20006 
0 1.15913 4.39655 1.3238 
0 0.759926 2.65357 0.714904 
0 -0.066381 2.35581 0.65658 
0 0.818084 3.22621 0.953225 
0 0.112336 2.74207 1.81377 
0 0.152565 3.16596 0.208205 
0 0.228013 2.77019 0.425141 
0 0.733647 3.83042 1.06094 
0 0.636118 1.47415 1.54056 
0 -0.789309 1.32054 1.12867 
0 0.333827 2.59092 0.971244 
0 0.300686 3.03008 1.148 
0 0.53759 2.64951 1.0727 
0 0.997569 2.86129 1.20857 
0 -0.437918 1.40093 0.596404 
0 0.339473 2.05015 1.33364 
0 0.365945 2.27145 0.554473 
0 0.491205 2.4232 0.739698 
0 -1.451 -0.248536 1.08523 
0 -0.275003 1.70705 1.45079 
0 0.3414 3.50482 1.03892 
0 0.503244 1.68663 0.144371 
0 0.751624 2.30817 1.56947 
0 0.27696 2.11976 1.64233 
0 0.0503302 2.39691 1.34391 
0 0.252536 1.09379 0.378514 
0 0.243269 1.96988 -0.00816469 
0 0.871896 2.19771 1.18567 
0 -0.40178 1.23076 0.0789707 
0 0.702114 2.70511 0.604288 
0 0.324966 2.47814 0.655584 
0 0.197619 3.7032 0.62813 
0 1.20915 2.94741 0.940786 
0 0.160547 2.64808 1.00701 
0 -0.0867128 2.04136 0.0373989 
0 -0.214789 2.00746 0.369671 
0 -0.393372 2.06904 1.36871 
0 0.427637 1.28966 0.512524 
0 0.462128 3.74136 0.761946 
0 -0.231076 2.36292 1.13639 
0 0.429206 2.43964 0.412535 
0 0.527704 2.18769 1.15617 
0 0.0732948 1.54047 0.124461 
0 -0.168505 1.07438 -0.685052 
0 0.917985 3.29311 1.06674 
0 0.0337146 2.29401 0.364405 
0 -0.207385 2.21612 0.109314 
0 -0.429037 1.60541 0.195568 
0 0.560392 2.12835 0.771755 
0 -0.241933 1.7573 0.500723 
0 -0.280076 2.62725 1.02016 
0 -0.201749 1.84919 0.977464 
0 0.905459 2.88745 1.02289 
0 0.563828 3.9687 1.41511 
0 -0.174166 2.24313 1.39619 
0 0.793455 2.84749 0.388289 
0 -0.158573 2.27849 0.536621 
0 -0.283312 2.06256 0.81958 
0 0.744828 2.54408 1.00711 
0 -0.592272 3.05575 1.42313 
0 0.256394 2.63771 1.30209 
0 0.206893 2.42425 1.19123 
0 0.401976 2.68067 0.924107 
0 -0.595114 1.25576 1.15838 
0 0.256113 2.24336 1.07366 
0 0.688583 3.02421 0.719463 
0 0.323535 2.43868 1.32388 
0 -0.563714 0.772023 -0.139065 
0 0.724674 3.08483 0.880642 
0 0.019754 2.04078 1.38884 
0 0.195455 3.87537 1.0861 
0 0.497918 2.99372 0.888825 
0 0.370236 1.38797 -0.128483 
0 0.717372 2.80616 0.185039 
0 -0.188283 1.35886 -0.521407 
0 0.617911 0.223121 0.966828 
0 0.173328 1.43717 -0.127144 
0 0.0124972 -0.0783468 -0.104627 
0 0.161649 0.383557 -0.382863 
0 0.0565379 0.707519 0.0756971 
0 -1.02457 1.39956 -0.308735 
0 -0.105936 1.81111 1.03071 
0 -0.0451845 2.90294 0.753458 
0 0.771802 2.44723 0.549212 
0 0.479041 2.89594 0.513556 
0 0.104462 4.33338 1.31235 
0 0.598228 2.27027 0.742565 
0 0.668065 3.42194 1.66169 
0 0.464671 2.04676 0.579563 
0 1.08754 2.42429 0.73428 
0 0.0691915 1.75988 0.965873 
0 -0.62364 1.68884 0.950603 
0 0.5054 2.31857 0.982702 
0 0.408881 3.38047 1.02343 
0 0.453082 3.00252 0.791334 
0 0.431285 2.40609 0.652103 
0 0.260518 2.72114 1.53678 
0 -0.123137 1.06786 -0.646075 
0 0.151594 1.41193 0.126534 
0 0.628778 3.74437 0.787454 
0 0.0620947 2.58085 1.11534 
0 -0.567304 0.975373 0.135113 
0 0.0250052 1.32086 1.17753 
0 0.133841 2.61171 1.54645 
0 0.392927 2.66686 0.938865 
0 -0.783829 1.58002 0.080216 
0 1.10514 3.02368 0.760839 
0 0.673526 3.97217 0.826988 
0 0.503936 2.68027 1.27525 
0 0.560831 1.86603 0.185002 
0 0.502587 3.12231 1.11666 
0 0.593287 3.08603 0.889973 
0 0.385003 1.36554 0.421534 
0 0.0544809 1.97505 0.180022 
0 -0.496761 -3.35659 -4.48716 
0 0.351813 3.10179 0.723364 
0 0.879637 2.85266 0.351136 
0 0.452022 2.20082 0.751817 
0 0.471512 2.31641 0.358837 
0 0.272057 2.26137 0.664687 
0 0.446752 2.67357 1.16996 
0 0.953712 1.92224 0.672893 
0 0.957815 2.51851 0.805327 
0 -0.276349 0.954359 0.584305 
0 0.51841 2.26811 1.51519 
0 -0.357208 1.89212 0.941269 
0 1.09297 2.83217 1.61503 
0 0.43576 2.16703 0.578504 
0 0.176983 2.09519 0.311076 
0 0.249952 2.9351 0.85139 
0 0.586874 2.24361 0.623004 
0 0.273087 2.2854 1.35174 
0 0.508685 2.74964 1.08903 
0 0.147952 1.59867 -0.0969104 
0 0.392938 1.9262 -0.191002 
0 0.6285 3.34494 1.40384 
0 1.39418 3.24123 1.25346 
0 0.694537 2.4873 0.908674 
0 0.412647 1.74721 0.130367 
0 0.490725 -0.761885 -1.0602 
0 -0.137377 0.86783 0.163628 
0 0.605975 2.98233 0.395741 
0 0.38122 3.38684 0.494288 
0 0.194156 2.68575 1.35412 
0 -0.343765 1.49657 0.646374 
0 -0.244563 2.74606 1.25996 
0 0.343823 2.58637 0.629209 
0 0.447544 2.53199 1.10238 
0 0.810311 3.18458 1.65616 
0 0.576171 1.77678 1.23342 
0 -0.0699333 2.92063 1.63515 
0 0.436678 4.42427 1.1974 
0 0.480124 2.95986 1.00931 
0 0.659867 2.79355 1.19341 
0 -0.222795 2.65837 1.31407 
0 0.478255 3.05757 1.74119 
0 0.264586 2.11543 0.861266 
0 0.645997 2.17607 1.00208 
0 0.275889 2.73257 0.506533 
0 0.486771 2.94441 1.12939 
0 0.670381 3.00489 0.826384 
0 0.144268 1.87073 -0.332581 
0 0.934609 3.16902 0.945311 
0 0.318275 2.93025 1.201 
0 -0.77091 1.2917 0.305921 
0 -0.317277 2.31877 1.4521 
0 0.402788 1.5972 1.15605 
0 -0.42379 1.475 0.292554 
0 -0.231547 0.293049 -0.547815 
0 0.625284 3.6551 0.761415 
0 -0.0633055 2.04744 0.776172 
0 -0.137384 2.29674 1.71941 
0 0.597866 2.60284 0.368971 
0 0.532761 2.39108 0.680234 
0 0.204871 0.891475 0.679459 
0 0.0664679 0.99501 0.73969 
0 -0.347379 1.63479 0.286404 
0 0.451833 2.76067 1.00137 
0 0.564918 1.99329 0.289871 
0 0.559201 3.02984 0.379357 
0 0.428768 3.97882 0.797811 
0 -0.0568078 1.77302 0.823889 
0 0.682732 2.843 1.38547 
0 0.433277 2.45905 0.951742 
0 0.524096 2.34914 1.12014 
0 0.694664 3.14806 0.995696 
0 0.510712 2.06574 0.204332 
0 0.789459 2.86106 1.59797 
0 -0.137383 2.59271 1.87704 
0 0.694447 2.85738 0.776651 
0 0.39221 1.90839 0.23656 
0 0.774403 2.81867 1.26952 
0 1.1445 2.87693 0.580106 
0 -0.56274 0.863517 0.487919 
0 1.04224 2.9535 0.793715 
0 0.831899 2.68313 0.534691 
0 1.19864 3.70549 0.896805 
0 0.366418 3.16477 0.125145 
0 -0.242839 0.294094 -1.05409 
0 1.01327 3.64266 1.19281 
0 -0.10571 2.0967 0.298618 
0 -0.594091 2.05031 1.74778 
0 0.263137 1.7032 0.364397 
0 0.714679 3.07691 0.612403 
0 0.0513555 1.25211 0.583112 
0 0.281337 1.96101 1.0695 
0 0.588208 2.84889 1.2543 
0 -0.234368 1.94095 0.00203924 
0 0.292106 2.06016 0.938391 
0 -0.0858778 3.14644 0.807154 
0 -0.180168 1.37716 -0.788309 
0 -0.237986 1.79402 0.0915201 
0 0.405917 1.36818 0.656744 
0 -0.41699 1.74909 -0.0139768 
0 0.143139 2.1863 0.955433 
0 0.279592 2.17478 0.309377 
0 -0.167823 1.49948 -0.362757 
0 0.487635 2.26066 1.05109 
0 0.203165 2.13039 0.0334291 
0 0.436943 2.84112 0.696506 
0 -0.647018 1.6788 -1.06954 
0 -0.346691 2.42101 0.981037 
0 0.570836 3.01853 1.12584 
0 -0.0636825 2.51343 0.167143 
0 0.536919 3.62019 0.788219 
0 0.345425 3.11573 0.963331 
0 1.02573 3.60632 1.59703 
0 0.568064 2.12785 0.520708 
0 0.355573 2.48057 0.777183 
0 0.458293 2.38989 -0.289569 
0 0.303102 3.28583 0.0381451 
0 0.391289 2.68356 0.844024 
0 0.100663 1.99504 0.845881 
0 0.948743 2.72761 0.887666 
0 1.06209 3.00205 1.46923 
0 -0.125542 1.95616 -1.01156 
0 0.252563 2.44672 0.935567 
0 0.714217 3.16008 1.01709 
0 0.647105 2.94665 0.675319 
0 0.764361 2.60153 0.364173 
0 -0.242699 1.51769 0.153261 
0 0.179411 3.01143 0.484845 
0 0.711743 2.79011 0.498082 
0 0.193505 2.42847 -0.161222 
0 -0.145724 2.38339 -0.512293 
0 0.00466649 1.78168 -0.152701 
0 -0.00677932 2.7727 0.711202 
0 0.712222 2.30915 1.01712 
0 -0.833946 1.87933 -1.40382 
0 0.63299 1.00889 0.0225413 
0 0.236049 2.4635 1.12106 
0 -0.494799 0.751633 -1.49474 
0 -0.792847 -0.0549095 -0.893703 
0 -1.0292 1.13349 -1.17212 
0 -0.743923 1.04898 -0.581738 
0 -0.348106 0.569753 -1.63772 
0 -0.212517 1.43447 -0.676293 
0 0.168568 2.13285 0.0163818 
0 -0.0116732 2.43442 0.127388 
0 0.323728 2.20839 0.0169842 
0 -0.440655 1.71764 0.848986 
0 0.422592 2.59719 0.417204 
0 0.321232 2.46616 0.588625 
0 -0.228442 2.89329 -0.00513763 
0 -0.875036 1.3924 -0.529899 
0 -0.636665 0.997745 1.22074 
0 -0.289469 1.73164 -0.452501 
0 0.281622 1.65711 -0.512488 
0 0.468613 1.57408 0.253278 
0 -0.0141203 2.77351 0.535844 
0 0.832916 1.77594 0.541729 
0 0.255943 3.09238 0.784621 
0 -0.377612 0.408555 -2.16939 
0 0.231074 2.38032 1.03025 
0 0.274103 2.9304 0.982223 
0 0.365249 2.22896 0.71307 
0 0.466162 2.91441 0.765 
0 0.754654 1.48314 0.768033 
0 0.347875 2.10712 0.07635 
0 -0.659327 2.23856 -0.12465 
0 0.680811 2.38291 -0.28 
0 0.154565 1.64927 -0.51608 
0 -0.813632 0.857086 0.60736 

