1.74827 2.15097 0.435349 0.835854 
9.709 10.6247 0.0622377 0.901046 
1.86205 2.14179 0.210184 0.486254 
0.355967 0.452815 0.189907 0.506466 
11.1731 5.34089 0.088692 0.419068 
10.9673 2.7213 0.14532 0.725612 
1.12853 1.73912 0.754273 1.12449 
0.657058 2.74141 0.215698 0.254713 
11.8418 14.7921 0.0908809 0.886007 
6.51841 1.5431 0.0849978 1.27828 
10.888 12.7948 0.192506 1.19877 
12.1007 18.8844 0.133407 1.05178 
1.90239 7.71624 0.153272 0.786209 
1.15016 2.14938 0.132556 0.785312 
8.74412 2.58138 0.0442216 0.50791 
4.54075 3.14715 0.0584014 0.711748 
6.17808 9.2615 0.185956 1.25187 
2.0585 5.6205 0.125964 0.408657 
13.6869 23.9368 0.0856784 1.31562 
1.46137 5.17632 0.0928249 0.302114 
9.99186 8.66509 0.10146 1.04788 
3.95175 4.92537 0.107988 1.09291 
13.1408 5.59958 0.054978 0.316692 
4.54419 5.33096 0.0859417 0.515524 
3.05322 2.19697 0.173233 0.734572 
1.80833 2.0354 0.115022 0.65834 
5.14693 5.02082 0.0530203 0.507748 
12.0147 8.05778 0.104968 1.14376 
7.20787 12.8581 0.147606 0.700285 
7.43911 9.49668 0.0696863 0.465745 
4.01865 5.02354 0.118482 0.745694 
3.62387 3.80658 0.0801183 0.335971 
11.8187 7.29153 0.0830984 1.15416 
3.51269 6.30715 0.21557 1.05495 
1.62478 9.52868 0.0936644 0.359301 
1.20747 1.4697 0.077978 0.903686 
1.20414 2.40358 0.197169 0.465392 
9.50738 10.027 0.0384783 0.398107 
7.22229 10.8217 0.232056 1.40727 
0.40167 0.265079 0.0424189 0.0928005 
3.07814 1.91938 0.0788291 0.166748 
7.92834 7.12571 0.0551256 0.185796 
3.52141 11.6301 0.0631577 0.602957 
2.33083 13.2262 0.0663298 1.06514 
1.59252 4.66364 0.273793 0.687093 
8.31253 11.1862 0.162829 1.26842 
13.2278 9.92376 0.393401 0.695284 
0.678208 1.35659 0.100753 0.453035 
12.5244 7.48711 0.0845948 0.352856 
10.2873 4.21322 0.162294 1.12437 
9.96443 15.6993 0.075941 1.22107 
6.01898 14.0976 0.156401 0.654268 
0.32757 0.330789 0.0990291 0.326956 
2.62951 3.03196 0.122631 1.17628 
5.67356 6.2893 0.126781 1.31561 
1.79167 2.63117 0.0809874 0.271394 
2.04333 1.35961 0.0680315 0.24839 
1.81996 1.78117 0.0720639 0.328366 
2.67554 14.589 0.242692 1.742 
2.9876 1.7585 0.0419179 0.40553 
6.12592 4.83307 0.0857472 0.788845 
10.3401 9.51975 0.138525 0.632072 
3.61505 3.66848 0.106268 0.97748 
14.0333 17.7113 0.117301 1.48211 
1.15818 1.10224 0.0364275 0.275383 
15.2153 11.6435 0.118455 1.23408 
3.73142 4.94344 0.0816244 0.936484 
0.388184 0.440341 0.047851 0.10427 
14.1833 7.20398 0.153452 1.28136 
1.4659 2.21199 1.69918 1.36395 
1.04139 1.23152 0.215776 0.391243 
2.84462 2.42237 0.114972 1.11848 
1.60945 2.73964 0.104321 0.315078 
0.787192 9.07474 0.0314499 1.01134 
4.53599 6.78232 0.0917231 1.33387 
10.6646 8.28745 0.13706 1.00462 
18.2391 4.69489 0.0528801 0.577577 
0.758034 0.467773 0.0782142 0.124212 
2.45714 2.94897 0.225926 0.679961 
10.2155 7.85537 0.135981 0.377521 
0.429315 0.331689 0.0387765 0.276598 
1.35116 2.3931 0.11837 0.909995 
11.2078 2.30207 0.062874 0.30756 
2.41745 1.67687 0.0448742 0.116627 
5.78648 10.2911 0.203519 1.47648 
9.53406 11.4775 0.115751 0.507069 
9.62446 12.995 0.139036 1.15622 
1.13022 1.52206 0.142626 0.892682 
19.3117 8.63307 0.136508 0.64778 
1.80855 0.773013 0.0887812 0.237938 
18.8346 26.0256 0.0943459 0.876368 
5.95118 9.57718 0.517142 1.16342 
4.86821 5.40993 0.0894078 0.459181 
4.69556 8.53043 0.102689 0.962848 
4.48879 3.71859 0.137752 0.941925 
6.75659 6.73211 0.14079 0.933669 
3.78611 5.29519 0.0704449 0.329719 
11.4294 4.16264 0.174046 0.322525 
0.777753 1.69242 0.34688 0.792473 
11.8194 2.84047 0.053071 0.177175 
14.4363 10.121 0.0698574 0.274356 
9.80778 7.29456 0.0769648 0.976596 
3.93353 5.75048 0.152566 0.248943 
5.42752 4.48803 0.0489677 0.317292 
2.27549 1.65094 0.589746 1.05115 
2.0825 1.71568 0.835582 1.22728 
1.52376 0.988065 0.0347871 0.229833 
2.08491 2.40541 0.264812 0.893807 
1.29694 1.09765 0.111353 0.309892 
12.1852 4.64394 0.102257 0.495123 
7.14922 11.2333 0.0785324 1.71574 
1.60103 6.61033 0.0681552 0.239601 
2.54211 17.4937 0.133159 1.03543 
1.59431 5.38773 0.0470071 0.225054 
0.737885 12.5915 0.0550563 0.109582 
16.8229 7.51185 0.189301 1.11821 
7.86655 4.35231 0.120803 0.521143 
8.13763 4.38162 0.243456 1.06304 
5.72372 9.38709 0.202649 1.61797 
2.34977 6.79234 0.718289 1.20721 
4.09939 2.55077 0.221394 0.634001 
11.4682 19.2255 0.20058 1.02297 
11.9979 12.5954 0.17495 1.02985 
0.500565 0.495687 0.0596833 0.243039 
4.44817 9.64649 0.269124 0.79957 
11.378 16.7845 0.109547 1.23737 
3.18014 4.81113 0.0664089 1.23646 
19.3791 13.3899 0.161395 1.4218 
1.81965 11.7128 0.130764 1.51161 
0.974438 1.34824 0.0947666 0.793226 
3.90392 2.06878 0.0697228 0.353135 
1.23864 2.04906 0.0473059 0.141743 
2.85447 3.75927 0.10068 0.258589 
1.45372 1.69209 0.148006 0.635093 
2.47209 2.61235 0.083064 0.4878 
0.687538 1.2558 0.266094 0.879083 
2.84708 8.86614 0.219223 0.70694 
1.39856 0.586314 0.0934915 0.162242 
19.9811 18.7282 0.158136 1.05231 
17.099 19.4392 0.188018 0.907581 
1.0831 4.73203 0.0555337 0.181911 
2.88916 5.61479 0.129555 0.90122 
7.43574 2.84758 0.0608291 0.442541 
2.49745 4.88502 0.153047 0.424692 
1.6654 2.34621 0.0411405 0.164992 
1.37143 1.69644 0.409195 0.585989 
0.924519 0.782778 0.204354 0.547209 
3.43074 11.117 0.116282 0.883414 
1.72816 1.83715 0.548915 1.21574 
3.54675 12.3253 0.0943593 0.783533 
4.25394 17.3771 0.228504 1.24686 
13.667 6.50662 0.100349 0.814387 
13.4488 15.0101 0.0919774 1.21757 
1.45534 1.57622 0.306309 0.962128 
4.85313 15.9073 0.219294 1.26969 
0.946886 1.15109 0.0468591 0.397935 
1.38057 0.587652 0.0551823 0.777849 
6.90968 3.28513 0.0673202 0.239093 
6.64612 12.6329 0.271611 1.20492 
0.751707 1.97318 0.309398 0.436362 
1.00554 3.00612 0.0383059 0.0747191 
5.07538 14.025 0.130778 0.773969 
0.614698 0.463286 0.155352 0.0993711 
0.780867 0.618557 0.0831858 0.228665 
0.931533 11.3026 0.0944956 0.33086 
13.6275 22.2641 0.0623752 0.335957 
5.97179 11.0953 0.0635383 0.290839 
12.0075 6.38184 0.118753 0.509477 
11.3829 31.2283 0.148412 0.993595 
5.30921 4.05309 0.0690352 0.406896 
1.22306 3.0972 0.574336 0.868745 
10.193 8.15304 0.0872443 1.24307 
13.4 4.37736 0.0804532 0.255724 
4.12048 8.76398 0.283405 1.36903 
2.72949 4.23696 0.0840127 0.41237 
7.58048 3.87356 0.132149 0.358111 
8.17725 2.68555 0.162967 0.277329 
16.3807 6.18149 0.0734109 0.312491 
6.25694 1.41973 0.0866594 0.181404 
11.1754 24.6346 0.0533099 0.190496 
4.2503 4.53596 14.6201 3.80041 
2.87313 4.40276 0.119647 0.97069 
3.49878 3.11447 0.0316566 0.359865 
1.50408 1.70238 0.0799063 0.218037 
2.1967 3.1071 0.0436277 0.236101 
3.00651 3.76091 0.578195 1.03484 
3.53572 19.094 0.115877 1.38857 
8.70083 5.28772 0.113971 1.19966 
4.20141 2.07157 0.118774 0.565785 
5.25642 2.98897 0.0883587 0.314305 
1.73205 1.99788 0.092296 0.504517 
1.11432 2.5157 0.167795 0.805371 
1.42945 4.94839 0.0639991 0.157562 
5.90417 4.31102 0.0635662 0.791113 
1.19518 1.07837 0.0415293 0.197044 
7.01762 2.24403 0.129275 0.56631 
15.5504 6.98169 0.126304 1.23552 
8.48489 9.32678 0.0610119 1.31835 
1.59538 1.64277 0.0851023 0.356952 
2.06868 1.75796 0.138578 0.181176 
1.83151 2.67803 0.148173 0.638725 
10.4716 5.26845 0.068224 1.15307 
3.88024 7.65387 0.226632 1.22502 
3.27068 6.85013 2.4202 1.61176 
5.24574 13.7143 1.16141 1.84037 
2.17094 4.86719 0.56646 1.31115 
0.807317 1.23591 0.26231 0.583581 
0.743507 1.28504 0.185511 0.273046 
6.49653 2.79113 0.0856562 1.1829 
3.12748 15.231 0.0364869 0.622803 
0.677344 0.485902 0.0593204 0.156218 
14.8761 13.7792 0.179793 1.35795 
5.68361 8.75353 0.155813 1.47148 
0.65154 0.709364 0.0387936 0.239351 
0.594097 0.605912 0.0480616 0.214238 
3.29971 3.74714 0.210772 1.0063 
7.27905 8.06604 0.102061 0.627572 
0.779173 1.98406 0.0698575 0.373525 
9.65141 4.8529 0.127562 0.93483 
15.0392 13.2768 0.111226 0.792156 
11.5055 11.5522 0.0992751 1.2384 
10.12 7.97376 0.11293 0.46168 
13.7545 6.66316 0.0856132 1.21912 
2.38372 6.95519 0.224471 1.00863 
13.7416 10.1299 0.106319 0.895075 
2.2238 4.72338 0.314608 1.01147 
10.8417 13.3487 0.0677814 0.210876 
5.75808 10.8907 0.176082 0.776366 
3.24948 3.63576 0.13618 1.1052 
1.27797 1.27783 0.60153 0.731271 
1.4387 1.55177 0.117759 0.13397 
8.18988 9.96507 0.113078 0.511648 
6.41357 3.59862 0.0922174 0.447908 
0.688292 0.650782 0.397245 0.490317 
7.84371 5.74555 0.120194 0.624996 
0.803721 5.55935 0.0452143 0.136341 
3.82334 8.57434 0.158616 1.18717 
14.3935 3.64744 0.146015 1.37264 
17.9844 4.66074 0.138439 0.297462 
2.93219 2.66077 0.0782522 0.212658 
1.7232 6.06189 0.0712726 0.29373 
1.21658 1.48268 0.0377124 0.182434 
3.32004 4.40748 0.286027 0.809043 
11.2603 3.53488 0.0999478 0.434958 
1.18762 1.2886 0.775063 1.22283 
3.18783 8.82136 0.233262 1.19452 
8.09179 3.14823 0.0432558 0.237333 
1.36779 13.4042 0.150435 0.787302 
11.0766 14.9308 0.102645 0.286251 
7.98387 6.50401 0.272129 1.1521 
3.63252 8.73387 0.0441885 0.141437 
1.12284 1.75264 0.0888073 0.744369 
4.09723 2.79515 0.0746427 0.69791 
0.854707 5.42069 0.065299 0.262581 
0.483892 0.687188 0.33189 0.313364 
3.40147 8.78898 0.226002 0.979595 
7.39559 7.97553 0.218907 1.01487 
0.381955 0.50876 0.0610505 0.301437 
8.42934 6.83666 0.0979949 0.619048 
18.0811 13.4499 0.0697645 0.378281 
5.13745 1.52023 0.0542488 0.183905 
1.23853 4.15181 0.0628733 0.055814 
2.91289 4.15098 0.0395795 0.711314 
12.3113 16.0937 0.0783194 0.404959 
3.21733 10.8115 0.110043 0.442555 
1.18925 2.34191 0.0405838 0.258456 
8.16641 14.5178 0.177947 0.941884 
8.25691 10.1546 0.115371 0.794403 
10.6938 6.81506 0.0991089 0.656672 
0.75934 12.6545 0.0657478 0.187296 
10.1999 7.11916 0.149931 0.781935 
3.07216 2.78865 0.556702 0.783904 
1.86274 2.81653 0.0810071 0.620062 
9.80241 5.92336 0.245619 0.919357 
18.8903 13.611 0.462384 1.23976 
2.52854 2.92673 0.570228 1.01534 
5.03114 6.92577 0.952939 1.0836 
3.12778 2.4077 0.028696 0.133355 
1.31237 0.833857 0.136809 0.451132 
3.6839 4.77136 0.324232 1.2148 
0.97491 0.780214 0.172534 0.457648 
2.52679 6.94414 0.265745 1.09199 
5.06983 2.37607 0.199634 0.837022 
1.47099 3.35327 0.869755 1.34715 
13.2367 3.95843 0.157607 0.344179 
2.42527 3.38595 0.0868686 0.328674 
10.2507 3.19404 0.18468 0.470483 
7.44295 7.1012 0.140723 0.433114 
6.46509 5.83333 0.200675 0.705553 
4.51802 7.49321 0.07479 0.547114 
7.01352 6.24986 0.0640253 0.436558 
6.86108 4.2481 0.0834945 0.916196 
14.8345 5.69321 0.0660656 0.476999 
1.1519 1.47677 0.243701 0.295916 
5.29417 5.37807 0.265697 1.1978 
11.9407 9.52712 0.093509 1.11808 
7.25045 5.51216 0.371878 1.27783 
8.97222 5.69631 0.201452 0.457452 
16.7446 31.9844 0.105369 1.33361 
1.61074 3.49523 0.102478 0.19699 
14.3638 8.38905 0.126674 1.12723 
3.20383 5.76788 0.100366 1.36822 
1.01969 11.9275 0.0930988 0.0707155 
7.60777 5.78888 0.192393 1.28165 
1.8061 2.90866 0.0989395 1.08827 
9.45468 11.7189 0.263244 1.58636 
0.15168 0.13111 0.0705659 0.201235 
3.8327 4.89561 0.106926 1.0314 
0.851959 0.446839 0.0608897 0.2078 
1.37709 1.18904 0.477628 0.655572 
15.3874 8.81371 0.269862 1.54649 
3.51679 3.50145 0.251257 1.18025 
1.72345 2.50028 0.0652727 0.309745 
13.1042 7.29242 0.183629 0.354066 
14.5112 7.51405 0.178829 0.984617 
1.57038 2.38291 0.0776706 0.219921 
2.43405 5.03644 0.349443 1.08412 
2.00473 1.39302 0.191316 0.631692 
0.498196 0.431253 0.108981 0.476796 
2.06552 1.24704 0.104394 0.722086 
1.52704 5.91881 0.261831 1.0679 
15.3015 24.1852 0.107857 0.465279 
4.72871 5.60106 0.134931 1.21096 
2.10299 1.9547 0.59055 1.12992 
5.66839 4.85626 0.0867272 1.20229 
12.4915 5.47149 0.0904838 1.50231 
5.82104 3.46796 0.243219 1.10175 
4.27113 9.43243 0.106249 1.67801 
2.39225 10.2943 0.186372 0.801226 
9.88248 4.45125 0.0940486 0.88827 
3.81514 3.15021 0.140251 0.940995 
6.79846 1.86621 0.15874 0.6915 
8.55488 16.7516 0.115627 0.813564 
5.24016 22.9573 0.124585 1.11243 
0.819863 0.515665 0.147669 0.322055 
0.393261 0.589135 0.512339 0.536188 
0.854573 0.719297 0.0275406 0.19182 
1.49194 2.2327 0.0623937 0.179697 
5.11023 5.37225 0.0850373 0.652108 
4.96989 8.70706 0.359616 1.34654 
1.47335 1.53632 0.103436 0.30365 
0.816566 1.06693 0.0909733 0.198696 
1.28828 1.60877 0.106066 1.11806 
2.07246 2.00028 0.174971 0.873194 
0.403057 0.308166 0.0469949 0.110059 
3.59636 7.59823 0.418961 1.04663 
3.00753 3.57411 0.535147 1.00557 
7.25519 2.68077 0.128859 0.848857 
1.619 2.80783 0.0683195 0.373984 
12.8796 4.3262 0.101588 0.386598 
2.23328 4.01244 0.215904 0.507018 
15.9394 9.9164 0.177483 1.08531 
1.09054 1.73848 0.145455 0.842161 
1.31401 1.84926 1.01865 1.79601 
1.13383 0.984554 0.0855045 0.429345 
2.15988 3.1842 0.226578 0.756183 
1.07056 0.457824 0.0722331 0.525032 
3.64051 4.49959 0.0458381 0.356734 
6.66606 25.9305 0.141036 1.5282 
4.25001 17.9932 0.0521796 0.359691 
6.28483 12.9713 0.141025 0.789574 
1.30457 1.93433 1.64226 0.792485 
1.19681 2.51758 3.17245 0.987213 
7.75551 6.22511 0.0515401 0.590683 
9.59581 6.13768 0.239776 1.08418 
1.19025 9.2279 0.0574617 0.322075 
5.20883 4.1895 0.0315914 0.156562 
4.06362 2.66792 0.0272111 0.148047 
13.8706 16.5327 0.130194 1.07477 
4.56701 18.8407 0.138771 1.28145 
8.42211 13.7325 0.105777 1.48126 
0.797631 1.1058 0.213594 0.627251 
3.71713 5.59719 0.183119 1.08232 
2.4756 2.37199 0.152125 0.870151 
11.8176 9.09161 0.0658612 0.410841 
2.31553 2.10853 0.271327 0.540305 
2.80406 2.90518 0.0439555 0.378063 
4.06888 2.76415 0.0891047 0.622992 
10.5927 5.57061 0.125789 0.702195 
1.43523 2.50808 2.40691 1.31082 
0.992795 3.8956 0.175609 1.20035 
7.31285 9.41662 0.204528 1.53872 
0.878731 2.3684 0.187138 0.546437 
2.08948 2.33759 0.170603 0.345592 
3.38069 3.65156 0.348281 0.976395 
0.52847 6.69846 0.153243 0.495978 
4.93604 2.46349 0.0368744 0.185783 
1.69517 12.4947 0.0829105 0.671088 
7.78867 15.4334 0.0868607 0.469458 
8.03294 7.7253 0.246202 0.88308 
12.3204 13.6918 0.103711 1.23204 
7.42437 6.36021 0.583173 1.39591 
17.9045 15.2025 0.118224 1.13034 
11.224 9.27267 0.232383 0.886968 
0.459844 0.512237 0.071984 0.206385 
0.82409 0.560189 0.0783985 0.303447 
15.8238 8.99705 0.23723 1.20533 
1.90815 10.7764 0.13218 1.00042 
8.61837 12.7932 0.199426 1.35135 
2.37817 17.9197 0.221202 1.47576 
5.52165 14.6619 0.228079 1.2667 
14.0633 20.7551 0.283313 1.43545 
15.5723 10.9862 0.157913 1.51267 
14.5629 14.9861 0.297866 1.48399 
6.50641 16.8428 0.087538 1.11987 
7.5228 7.04441 0.0938397 1.29609 
1.9375 1.89708 0.268795 0.98779 
7.24189 13.6237 0.0775346 0.385278 
14.1771 14.5085 0.172435 0.959869 
1.58413 9.06513 0.0836247 0.19363 
0.326081 0.541205 0.535845 0.43393 
0.695628 0.639728 0.0644253 0.144712 
0.595085 0.690062 0.0874679 0.145676 
0.519144 0.541971 0.0996113 0.118898 
2.26598 4.4151 5.89306 1.58291 
2.53019 3.15946 0.411186 1.21997 
1.3094 2.56759 0.0760291 0.514522 
16.8883 11.3454 0.124886 0.860635 
1.75585 10.5879 0.0451701 0.167287 
3.39416 15.349 0.110104 1.43885 
0.532712 0.377772 0.0498695 0.157935 
1.8521 1.74798 0.134246 0.960434 
2.09995 1.30297 0.227624 0.584278 
1.52917 1.58655 0.583266 1.07897 
2.65607 13.6504 0.168925 1.2405 
13.6061 16.302 0.152724 1.19084 
10.9462 14.0687 0.245665 0.914701 
9.41525 6.57377 0.109927 1.28644 
0.913092 1.35955 0.604629 0.707233 
11.4506 9.21539 0.146963 1.34943 
11.5986 6.49741 0.204328 0.998857 
7.31842 7.84311 0.201155 1.19452 
0.659171 4.24215 0.147329 0.434345 
10.0273 9.6971 0.126631 1.03299 
7.90232 5.84991 0.0529043 0.307437 
7.88123 13.8139 0.168256 0.982685 
6.73753 5.63568 0.037987 0.985027 
10.3051 30.0093 0.106457 1.16135 
2.15516 1.35883 0.10199 0.248414 
5.73029 3.82069 0.0705135 0.507103 
0.940081 0.734417 0.0952787 0.151079 
1.18341 1.37783 0.0485749 0.27004 
3.35513 1.08925 0.584772 1.25158 
1.65088 1.38319 0.0505241 0.449509 
2.79649 2.0168 0.0620259 0.562827 
1.12591 0.514803 0.0656039 0.333469 
4.108 5.15292 0.103151 0.563347 
16.4406 10.7185 0.199526 1.56062 
13.7317 16.3439 0.134782 1.27147 
8.26352 3.99047 0.165781 1.05597 
4.69926 6.66933 0.202412 0.857198 
1.38793 10.7613 0.116473 0.281072 
4.11115 5.43738 0.125879 0.933403 
1.87977 1.74687 0.0462222 0.613568 
0.464297 0.475442 0.0375962 0.0959364 
1.60907 6.14608 0.0558538 0.625873 
1.39134 13.6319 0.107094 0.542751 
9.39027 16.2773 0.0532337 0.411248 
9.23826 8.1801 0.0803429 1.02833 
2.61946 3.92388 0.585449 1.8146 
15.1903 24.7434 0.191677 1.66336 
8.89311 11.036 0.121561 1.30027 
10.9726 3.45355 0.158038 1.03439 
1.19707 0.909267 0.117573 0.436133 
2.48999 4.43761 0.239276 1.19592 
3.88198 4.32672 0.172012 1.49453 
7.64373 5.30041 0.0878459 1.17613 
3.10906 1.78843 0.0840941 0.475037 
6.31121 7.61089 0.0555871 0.332661 
1.53811 6.03143 0.100272 0.35441 
13.7101 7.54528 0.113708 1.29318 
11.4494 9.03003 0.204304 1.19501 
1.65976 1.71025 0.130136 0.343632 
1.91112 1.41219 0.0892015 0.57503 
1.06069 2.90866 0.170723 1.05341 
1.57841 3.84218 0.0912779 0.320796 
12.2143 17.2104 0.167506 1.43149 
1.92311 17.5464 0.182817 1.23789 
1.35303 7.18746 0.0559183 0.224058 
3.80091 6.2647 0.350176 1.00281 
4.26788 5.08832 0.209055 1.10582 
2.09856 2.11902 0.12076 0.235226 
0.64549 0.578789 0.351435 0.764133 
0.823778 0.612624 0.0757163 0.462518 
6.53569 2.95259 0.142964 0.454014 
3.77186 11.7571 0.104723 1.27004 
3.81818 8.60603 0.103754 1.2159 
11.481 15.3282 0.0503734 0.929316 
1.00349 7.78401 0.0474466 0.126119 
2.54955 3.50629 0.0892564 0.297553 
6.02556 17.1597 0.105973 1.25298 
7.05188 14.7456 0.264414 1.18636 
2.63299 2.06697 0.0798497 0.844548 
5.9228 15.3514 0.105045 0.658655 
2.98334 2.71789 0.254655 0.334587 
3.40493 5.46903 0.148843 1.26479 
1.04522 3.48115 0.105913 0.271238 
1.73699 1.0582 0.0788864 0.583234 
1.93093 1.59149 0.119957 0.918281 
0.816488 4.14941 0.0388613 0.0786144 
17.3148 9.11842 0.24239 1.52413 
1.33683 1.66689 0.0706953 0.516775 
1.84563 5.87777 0.122044 0.752651 
8.38665 8.62252 0.0665738 0.759268 
1.94097 5.13897 0.0925467 0.606752 
9.19409 21.8144 0.0711334 0.969566 
9.41722 5.95464 0.0774972 0.990445 
2.38306 5.0158 0.0733434 0.18329 
1.45312 1.03339 0.109509 0.383646 
14.6911 4.54822 0.0712863 0.261625 
1.11011 7.00788 0.119911 0.931755 
1.19816 3.02723 0.103349 0.471214 
4.95381 8.49183 0.170441 1.0641 
8.66358 18.0372 0.321296 1.37189 
9.94119 6.00299 0.0685201 0.285163 
12.4302 8.26026 0.112539 1.21346 
1.41321 2.03489 0.0862451 0.518669 
11.1488 16.5336 0.127626 1.39579 
5.89832 1.51134 0.0894387 0.29419 
1.51826 1.95466 0.266262 0.964209 
1.36792 1.98212 0.727768 1.32374 
6.68479 6.23407 0.277448 0.696034 
1.66871 5.85268 0.0847925 0.261927 
1.55093 13.7108 0.0947889 0.252913 
0.888188 4.48727 0.06035 0.123773 
10.2255 12.3957 0.113603 1.34571 
4.18135 14.1143 0.0596357 1.25986 
10.255 3.61227 0.168652 0.792359 
11.0728 3.88021 0.0795229 0.140937 
10.7355 5.10391 0.0453808 0.700507 
5.62015 10.7386 0.0454066 0.74053 
6.96443 9.22922 0.0983989 1.29627 
3.19334 15.9929 0.101716 0.864203 
17.1794 4.76567 0.19252 1.32831 
10.8653 6.02971 0.089637 0.362949 
1.66013 4.30486 0.470003 1.10233 
13.1684 4.5769 0.0697146 0.220065 
1.09978 7.38928 0.0940445 0.34849 
5.61345 1.75643 0.0709817 0.233496 
7.11966 10.4515 0.206013 1.17201 
13.5473 7.7053 0.120188 0.933307 
2.92994 2.54023 0.114266 0.750761 
14.8268 17.4124 0.11302 0.978692 
1.22992 1.17976 0.0397463 0.10921 
4.4189 5.55279 0.225002 1.15328 
2.4067 8.54266 0.16606 0.782363 
3.09112 2.9065 0.236118 0.58832 
9.92281 4.73109 0.186544 0.978684 
0.293026 0.502176 0.0585469 0.151768 
1.17858 1.11627 0.557939 0.663061 
12.4673 26.8438 0.123858 1.08323 
6.97361 6.28399 0.0850209 1.03499 
5.58476 3.30887 0.0380937 0.370722 
3.32126 8.80341 0.264298 1.28544 
1.25053 1.05666 0.0934719 0.267106 
0.775512 0.569799 0.23942 0.179919 
0.921656 0.616996 0.0551475 0.107441 
9.18726 6.06121 0.120107 0.620243 
8.17487 3.39968 0.109712 0.388264 
6.95554 7.77098 0.102065 1.25446 
7.54198 6.99729 0.659518 1.00038 
7.62164 17.5537 0.0436793 0.351357 
3.72571 12.1451 0.468268 0.93092 
1.68347 2.18549 0.207487 1.09762 
8.43855 23.6299 0.156384 1.37813 
7.83947 4.48188 0.0528956 0.746915 
1.90369 1.16317 0.208526 1.41947 
2.11444 4.10382 0.0681965 0.847961 
5.87664 7.63513 0.295981 1.0059 
5.40505 5.60194 0.0809444 1.24954 
8.4067 3.53226 0.157599 0.851906 
1.23434 1.05484 0.081687 0.650857 
6.45619 3.71167 0.0907915 0.343401 
10.4363 14.9996 0.0958279 0.954397 
0.493307 2.5507 0.156165 0.2751 
13.1261 6.97116 0.167526 1.17059 
1.34419 0.920433 1.56803 0.503661 
1.30093 2.36724 0.0435667 0.365279 
2.67571 2.11763 0.0448603 0.340682 
2.43837 1.70359 0.129905 0.82623 
1.63891 2.30327 0.111574 0.357285 
1.21293 13.7321 0.056453 0.158135 
2.68358 14.0833 0.347606 0.947159 
3.45847 3.14933 0.0771473 0.306121 
3.50323 16.1718 0.105129 1.21783 
8.97407 7.79415 0.112485 1.24465 
16.3999 5.38616 0.215281 1.1246 
7.28738 13.2144 0.0995688 0.805371 
5.41581 10.2096 0.351837 1.4001 
7.50021 9.97866 0.328297 1.84797 
12.9269 7.14878 0.145408 0.662414 
2.01876 1.95566 0.23928 1.1422 
15.2485 6.87248 0.107795 0.282023 
2.63553 2.62655 0.2869 0.99762 
9.95793 13.5156 0.130261 0.930628 
13.0594 9.91578 0.109055 0.852548 
4.18582 3.28161 0.318099 0.637278 
4.94374 9.85211 0.0738708 1.47414 
7.65424 2.92796 0.0496341 0.189016 
11.563 10.3741 0.0894115 0.947263 
6.64694 6.30984 0.260585 1.33866 
1.25243 1.53804 0.238371 0.527553 
4.45933 3.56856 0.176796 0.882273 
4.48385 1.90066 0.114786 0.547702 
2.88927 4.54676 0.336593 1.01445 
6.0051 11.5557 0.176392 1.57005 
8.87965 2.25096 0.227149 0.745841 
1.88622 3.15814 0.85699 1.05642 
13.4596 8.39983 0.185668 0.957952 
1.98685 6.6148 0.235854 1.13132 
6.32581 8.92452 0.0623358 1.26033 
4.64275 4.13316 0.0569283 0.293539 
10.2693 4.70747 0.42038 0.970041 
2.72217 3.19088 0.204225 0.887946 
11.7981 5.33536 0.198865 1.16867 
5.02386 1.73649 0.19478 0.629213 
4.41297 2.49142 0.0374694 0.347242 
9.25138 8.75395 0.172355 0.898022 
4.15123 15.3615 0.0895769 1.18639 
0.823107 1.1304 0.0339446 0.129784 
5.70698 5.57841 0.181528 1.07109 
3.95765 2.26925 0.100387 0.456397 
3.14226 4.97596 0.157004 1.36895 
10.7317 16.5857 0.119041 1.2255 
5.99596 4.3603 0.261219 0.634637 
4.11147 5.13891 0.0952587 0.928678 
4.59895 5.50507 0.0727267 0.264734 
2.11847 2.42341 1.44292 1.33355 
1.59799 1.3297 0.179235 0.412525 
7.88461 7.46172 0.141523 1.15517 
8.52341 10.5363 0.748206 1.24481 
5.88299 7.74695 0.0411272 1.05373 
0.666564 1.26587 0.110136 0.145349 
1.41024 1.32819 0.0555025 0.294264 
0.977175 1.10969 0.282238 0.554683 
5.47611 5.69591 0.139548 0.430577 
12.7181 23.0962 0.101118 0.86464 
9.6565 6.61199 0.138911 0.909253 
12.3225 5.21315 0.179146 0.917978 
17.3515 30.3184 0.100892 1.31576 
7.96303 10.1901 0.120688 0.292076 
11.1037 18.2817 0.125895 1.30244 
1.71417 6.39715 0.0417264 0.160905 
12.9153 12.0425 0.104065 0.817452 
4.27068 11.5029 0.155753 1.16204 
19.206 22.8838 0.106536 1.2047 
6.06689 11.4199 0.339458 0.959345 
1.82008 1.63295 0.0498411 0.361835 
0.594061 0.739745 0.16498 0.208583 
1.22971 2.6037 0.108184 0.521747 
0.733284 0.748705 0.324603 0.684362 
0.929769 1.16631 0.701824 0.666391 
8.94533 4.58978 0.0929374 0.877881 
8.2436 24.3333 0.0546582 1.17059 
1.76762 2.26939 0.20083 0.747801 
11.5493 3.4126 0.288979 1.12335 
13.1571 6.61803 0.114122 0.316103 
16.1928 10.287 0.0466418 0.268959 
9.49757 14.9304 0.122264 1.22598 
10.6224 9.5783 0.0685158 1.23994 
7.79063 4.9461 0.110684 0.33434 
1.43036 7.82311 0.166579 0.655844 
1.38245 1.73116 0.148411 0.705893 
8.74504 11.7947 0.132636 1.35511 
1.10282 1.07337 0.081738 0.21956 
2.81528 7.98364 0.119473 0.709727 
0.74079 4.07654 0.0682919 0.106823 
2.9868 2.87863 0.138116 0.577789 
9.40285 12.1176 0.100844 0.400087 
7.2968 11.9765 0.130826 0.827413 
6.4375 7.28858 0.173563 0.905246 
1.85131 1.26045 0.0774107 0.282749 
8.5441 5.99564 0.24481 0.514362 
1.1208 3.7757 0.0922769 0.233491 
16.0553 12.9606 0.0486844 1.27279 
8.31664 5.63949 0.0371164 0.370522 
2.30324 4.56409 0.176763 0.35509 
0.77103 1.82288 0.0355407 0.0770787 
4.42095 3.41074 0.194193 1.26498 
1.30967 2.29343 0.456177 1.1168 
1.35943 2.76008 0.562729 0.835427 
1.7531 4.16847 0.05955 0.346071 
1.22961 4.35636 0.158646 0.763406 
16.0965 11.6022 0.0441553 0.165797 
0.595979 0.537601 0.188263 0.328183 
3.15932 3.21976 0.0846841 0.565907 
7.7148 6.78386 0.122533 0.902486 
6.35512 5.02 0.079803 1.0535 
1.11705 1.45525 0.610783 0.649557 
12.2108 6.36267 0.122402 1.26813 
5.39421 8.28142 0.239056 1.252 
10.4853 5.43235 0.133437 0.582804 
4.52483 9.93278 0.128122 0.920743 
4.68163 5.02484 0.0482721 0.273533 
8.22194 1.89274 0.109821 0.438955 
2.22061 3.55288 0.0772003 0.722391 
1.50278 1.3549 0.0347917 0.315354 
4.8612 19.0578 0.228739 0.780385 
1.43319 5.22432 0.0493649 0.267678 
1.25089 6.63294 0.11608 0.444799 
11.7482 9.03664 0.107056 0.882592 
11.2255 15.6577 0.25907 1.26118 
8.95185 7.80469 0.114588 1.02161 
1.90713 2.07528 0.0748573 0.986144 
1.4711 6.17197 0.0431937 0.180178 
6.79045 6.45685 0.0575676 0.410853 
7.32491 16.4038 0.238821 1.03225 
4.46216 6.80591 0.148588 0.701289 
9.08038 5.59496 0.0868119 0.666022 
3.12603 8.70089 0.129871 0.650421 
2.20713 4.70191 0.0699949 0.177843 
1.0147 3.30295 0.0523751 0.424559 
18.2665 15.7557 0.0935787 0.741441 
6.81395 18.6033 0.102522 0.993648 
4.98534 6.97848 0.0800065 0.330031 
6.88707 4.11922 0.125726 0.335935 
3.17657 3.20946 0.0968709 0.379092 
1.95003 2.50913 0.208815 0.657413 
1.03347 0.92028 0.0404429 0.133066 
6.84539 1.68293 0.0673124 0.378767 
6.39933 3.3006 0.126839 1.00717 
0.952513 0.813926 0.0614204 0.259975 
1.21517 1.30582 0.354292 0.991585 
1.11663 4.33078 0.0850462 0.234567 
1.11719 3.31852 0.166329 0.725152 
16.4911 13.2941 0.080635 1.11574 
11.7505 6.81823 0.137654 1.34672 
1.3213 1.07366 0.0828559 0.562364 
0.793911 0.829825 0.0440091 0.169741 
1.26582 5.88207 0.177094 0.76956 
1.17745 3.58732 0.100429 0.141063 
3.03921 1.26851 0.0610729 0.234379 
13.6633 6.97876 0.206511 0.534518 
0.264462 0.302017 0.0654535 0.103103 
3.82468 4.59721 0.0439115 0.659254 
4.0506 9.92313 0.133506 1.22588 
1.29455 1.31188 1.41411 0.417109 
2.7842 1.80286 0.110696 0.224944 
2.24615 3.55582 0.260608 0.876245 
0.772768 0.711391 0.0577671 0.180838 
2.59652 3.13703 0.894194 2.15801 
1.2211 1.34904 8.55872 1.46132 
15.4786 6.26769 0.0949757 1.12056 
11.9794 8.83056 0.0773074 0.883262 
12.7049 8.59659 0.0951878 0.671937 
1.25309 2.12825 0.0384522 0.103065 
1.23858 9.55372 0.0420028 0.289578 
0.659083 1.00562 0.489959 1.02416 
2.33233 2.83324 0.62499 1.13147 
10.2822 6.57643 0.140968 0.572097 
5.15904 3.85463 0.067126 0.538076 
15.6355 4.49859 0.0702097 0.471095 
0.68222 0.726016 0.407245 0.427277 
1.23487 2.01347 0.0827297 0.790098 
3.97209 2.20004 0.0719838 0.149567 
2.76816 5.84682 0.0997106 0.313325 
0.677329 2.55559 0.271825 0.389148 
7.78322 4.11194 0.357727 0.794086 
1.51686 2.65174 0.649614 1.32974 
0.871487 0.878364 0.156363 0.589846 
0.522354 0.499191 0.109376 0.169134 
0.658179 0.667811 0.105586 0.299738 
6.26872 4.41316 0.112523 1.02993 
1.95412 1.83814 0.0537667 0.933806 
10.6181 9.28956 0.11767 0.983691 
2.24922 1.58639 0.0342871 0.237965 
6.17013 3.27386 0.0528053 0.380933 
1.53856 2.01926 0.0573782 0.135956 
8.00888 2.77599 0.0381999 0.171419 
6.56209 5.18994 0.154423 1.08393 
2.53313 4.15155 0.049495 0.296863 
1.72704 1.12228 0.241426 1.01732 
7.34573 8.1869 0.211038 0.933515 
1.73268 1.76083 0.0683274 0.198325 
1.82461 4.36112 0.152447 1.13304 
1.2435 1.20232 0.0792904 0.499476 
8.38727 7.89787 0.0871432 1.1147 
1.46679 3.21014 0.101663 0.843777 
0.430356 1.03673 0.881173 0.578296 
3.99292 5.47251 0.168451 1.25882 
0.815537 2.59944 1.40794 0.34204 
3.13115 3.79167 0.594522 0.985032 
0.99119 1.45314 0.0820865 0.296591 
2.869 2.30397 0.220229 0.612563 
0.627425 0.543783 0.0807178 0.256518 
0.805346 1.88569 0.33993 0.687319 
7.0373 8.38625 0.256863 0.85951 
5.76185 6.85238 0.131529 1.32454 
0.615249 0.395914 0.0588997 0.188147 
1.41855 5.53007 0.0344392 0.080447 
1.45258 5.49073 0.0631035 0.760358 
8.91723 15.4939 0.185239 1.11779 
11.1177 17.2747 0.0893667 0.479446 
15.8035 12.4493 0.0752596 0.525745 
0.772406 0.80073 0.0386524 0.230315 
2.105 15.2567 0.206788 1.22552 
2.24033 1.85528 0.079478 0.625955 
6.23664 24.5343 0.136509 0.899131 
2.34821 1.9106 0.159495 0.42074 
1.43302 1.69173 0.166129 1.10656 
3.46659 4.00782 1.03487 1.09365 
10.9967 6.40022 0.179374 1.24352 
2.24112 2.21326 0.204965 1.06357 
8.30766 1.29558 0.142319 0.963107 
0.718598 6.62279 0.0678064 0.0964313 
1.60716 1.3953 0.0884885 0.731869 
10.2479 14.6334 0.111046 1.20198 
4.78017 6.39911 0.118158 0.584354 
1.76375 6.30715 0.402685 1.25462 
3.35792 5.22289 7.40524 1.96762 
11.6284 9.71089 0.402734 0.873178 
1.3562 4.6393 0.0449913 0.0960646 
1.68894 11.7891 0.26819 0.535587 
5.50251 9.92224 0.253258 1.51085 
4.57132 7.39725 0.392262 1.24703 
4.291 4.58874 0.426507 1.49024 
2.36561 9.09863 0.172481 1.12672 
2.86753 3.68155 0.235976 1.17599 
9.1878 3.77424 0.0926463 0.431827 
8.13135 12.0382 0.300996 1.16158 
12.8574 11.5871 0.145864 1.32907 
7.46835 16.14 0.201354 1.60549 
4.45832 3.41818 0.172863 1.14615 
7.62018 12.7296 0.138259 1.0144 
3.48271 7.69655 0.187868 1.16635 
6.47076 9.64553 0.0678212 0.675573 
1.78391 2.71609 0.141783 1.08863 
4.43986 2.7527 0.12125 0.251217 
3.62286 5.88142 0.131635 0.72979 
3.03286 4.99608 0.161698 0.921197 
6.51701 4.35294 0.0455937 0.205205 
0.956259 1.77524 0.0942565 0.1511 
13.3157 8.49215 0.204286 0.680372 
9.4764 6.51024 0.0956671 1.40143 
3.50271 1.49682 0.0425141 0.228752 
0.800489 0.871958 0.141 0.435402 
2.08011 2.52834 0.927533 0.782504 
2.9478 2.01882 0.0621308 0.471142 
12.5232 4.09815 0.180957 0.814801 
1.1434 0.920744 0.103061 0.29987 
3.48505 2.40248 0.0914212 0.568079 
6.06323 2.71299 0.0875778 0.183449 
1.28632 9.74647 0.196213 1.1989 
3.56523 6.86683 0.0666247 0.541082 
8.7123 16.1368 0.11508 0.987646 
3.64483 2.26491 0.688663 0.663552 
7.7976 10.4989 0.140401 1.50388 
0.711572 0.528752 0.0688851 0.19148 
1.66763 1.17828 0.0506061 0.472058 
4.17735 2.67385 0.733431 1.59341 
13.1588 14.724 0.149751 1.41495 
8.66389 23.3738 0.0985351 1.65753 
10.9228 13.6618 0.122396 1.25261 
2.26099 12.7282 0.128421 0.927779 
12.8897 6.91727 0.203822 0.879128 
1.8349 7.65107 0.112659 0.505323 
1.36528 3.52243 0.0832976 0.298635 
13.2907 8.82407 0.124194 1.18049 
1.96194 1.69803 0.191368 0.919123 
1.25218 1.23951 0.0350563 0.242432 
2.2348 4.2649 0.0838514 0.265785 
4.19336 4.18675 0.302676 1.36118 
6.76427 5.28205 0.0444283 0.266279 
1.72728 1.10128 0.533402 0.820633 
5.1223 3.3184 0.0825758 0.499275 
1.92115 2.71822 0.33267 0.765403 
8.24568 24.2737 0.119847 1.22999 
5.91949 8.31023 0.211442 1.14917 
1.16648 8.03903 0.0932413 0.308871 
1.17401 3.72722 0.0586969 0.180767 
20.8049 11.4188 0.102779 1.17715 
4.0281 3.18166 0.0422787 0.278429 
7.18279 14.7537 0.108347 1.17627 
8.87489 4.32186 0.0697133 1.3433 
12.2405 6.38756 0.0617626 0.269753 
2.61777 11.4889 0.108839 0.698504 
2.9617 3.07476 0.060758 0.15937 
10.809 12.7475 0.0524141 0.901914 
0.877394 1.90093 0.361327 0.78305 
0.760094 0.489383 0.345827 0.305456 
0.926584 0.831699 0.097467 0.608305 
13.6514 5.86194 0.197168 0.984519 
0.417921 1.14674 0.0465881 0.174174 
4.85544 11.9314 0.118512 1.19637 
4.23414 3.98717 0.0868094 0.673185 
0.6611 0.606409 0.280115 0.501054 
0.815804 0.696881 0.0967266 0.453079 
0.430997 0.407881 0.102776 0.323201 
0.881189 2.07378 0.117088 0.254793 
2.22848 1.78155 1.01049 1.4017 
1.72896 1.35543 0.280952 0.961158 
12.7145 9.01869 0.10829 0.417811 
10.079 5.61423 0.0512198 0.885172 
9.49091 20.9921 0.0780716 0.727359 
0.730022 0.654482 0.130576 0.347934 
1.65007 1.415 0.284614 0.779082 
6.9615 17.0921 0.241042 1.53494 
9.36215 23.1384 0.0846411 1.34378 
0.994269 2.09058 0.386573 1.11509 
3.12614 14.2137 0.155715 1.34944 
2.35197 2.90836 0.11317 1.28716 
1.31944 2.54999 0.262913 0.435959 
3.05547 4.16593 0.114012 0.332219 
5.52117 14.538 0.0601515 0.284831 
1.21963 1.01437 0.0955893 0.758205 
1.96694 7.97166 0.246065 1.34894 
13.7272 16.2691 0.0310742 0.299626 
13.7465 5.65787 0.115479 1.34725 
4.37653 8.46158 0.219646 1.35671 
9.17332 8.43188 0.0820938 0.578922 
12.6014 5.31469 0.168521 1.04563 
2.98081 3.01181 0.250968 0.906338 
0.6656 0.909636 0.476287 1.06667 
1.51808 1.20014 0.67866 0.665234 
1.2004 0.795344 0.0389188 0.10136 
6.79589 4.75005 0.0937621 0.349463 
11.217 13.1429 0.0539389 1.05492 
0.459293 0.672753 0.36622 0.151775 
3.20923 4.18762 0.322224 1.1487 
1.04418 2.97445 0.0321193 0.108636 
1.3686 5.87409 0.38815 0.744555 
0.362181 0.276883 0.102978 0.178564 
1.05079 0.763618 0.38 0.688043 
0.38984 0.336363 0.0894541 0.179044 
0.825707 1.42739 0.289347 0.763328 
11.1489 8.59161 0.104721 0.671276 
2.76979 4.14418 0.199834 1.16908 
1.76516 2.71003 0.0973502 1.00567 
4.34439 10.7597 0.139254 1.10554 
7.50287 16.0284 0.130457 1.45171 
2.34149 1.64479 0.188112 0.574718 
1.08449 0.540462 0.0961694 0.541336 
0.772187 2.6604 1.84867 1.39146 
3.08477 1.67903 0.143033 0.607581 
12.2348 4.47488 0.13436 0.537763 
0.843897 1.18525 0.0742667 0.331863 
1.92194 1.63943 0.112527 0.544923 
9.60787 3.30067 0.0440136 0.828804 
2.10058 1.81967 0.251198 1.06457 
5.56757 21.065 0.115817 0.682516 
19.3311 17.6487 0.0762632 1.03851 
6.73211 5.61339 0.186159 1.30317 
0.856983 1.08173 0.711054 0.440349 
0.919606 1.37932 0.505797 1.01244 
9.30351 17.6649 0.112115 0.342668 
1.27526 4.44268 0.0629236 0.24132 
16.2215 5.79794 0.143099 0.867866 
2.84824 3.12218 0.112493 1.09496 
1.52222 1.6073 0.0758321 0.302139 
1.90666 1.61687 0.0770934 0.493839 
1.43618 2.1115 0.268458 0.666626 
1.82752 10.7195 0.814275 1.49534 
12.1579 8.21379 0.13701 1.47529 
1.72815 1.74255 0.0928815 0.877467 
8.00475 6.57706 0.127662 0.915503 
6.80456 9.62525 0.269458 1.31933 
5.53979 6.4075 0.0755237 1.29745 
6.58913 3.84169 0.35075 0.935945 
7.24178 5.73245 0.0932379 1.18005 
9.76577 6.24807 0.125025 0.375246 
7.08613 2.34901 0.0375569 0.181867 
4.38033 1.93876 0.199848 0.639986 
9.49793 5.20921 0.0436768 0.859816 
0.645835 0.529397 0.839358 0.19324 
0.923224 0.875401 0.285277 0.762634 
5.47119 7.85816 0.0934156 0.926312 
1.50574 1.80882 0.361043 0.947471 
2.95735 2.09751 0.691615 1.25189 
7.8799 14.0731 0.103841 0.686155 
10.8515 3.34731 0.0698184 0.41912 
11.7976 16.1522 0.0424228 0.483417 
5.69117 4.12996 0.195746 0.367336 
1.42452 17.295 0.0851295 0.256982 
8.77712 8.04362 0.050566 0.879702 
6.27037 7.4958 0.198006 1.14762 
11.0507 9.38345 0.128576 0.548922 
0.857009 9.8099 0.143902 0.523174 
1.80287 2.37081 0.111574 0.390134 
1.39908 8.28109 0.129678 0.885076 
1.37605 1.05912 0.220758 0.389208 
3.41401 4.21896 0.481809 0.783937 
1.46872 2.39762 0.700516 1.2463 
6.13333 6.43256 0.0993525 1.20107 
0.730177 0.67313 0.0560583 0.221848 
2.66879 1.68617 0.127566 0.990307 
4.50757 3.71947 0.121057 0.540892 
0.903156 0.614591 0.165041 0.48867 
12.6093 5.78509 0.118608 1.48606 
1.94335 2.22475 0.0939699 0.293972 
3.89338 2.64998 0.108288 0.873736 
3.6537 3.65984 0.0775408 0.3804 
4.44974 2.89953 0.236241 1.0579 
2.42375 0.766286 0.0396551 0.205412 
9.66104 29.674 0.156529 1.82027 
3.91215 5.47675 0.110886 0.407876 
13.7962 8.99331 0.415422 1.2747 
2.71305 3.14391 0.113313 0.330297 
0.630985 13.8266 0.460667 1.51259 
1.59354 1.34876 0.600957 0.519994 
1.47532 1.59227 0.645321 0.676408 
3.29337 2.59909 0.300686 0.971377 
1.97352 1.54935 0.115545 0.532968 
4.32201 16.0273 0.112715 0.770898 
2.79157 3.63998 0.142448 0.413374 
10.204 11.1108 0.0835214 0.290357 
11.1642 5.85621 0.0741333 0.569105 
1.40984 9.00763 0.0936242 0.433642 
6.99558 4.84103 0.262966 0.602274 
5.8966 7.27715 0.228556 0.768135 
3.67393 4.15154 0.096363 0.513044 
1.6036 1.5183 0.347491 0.972218 
1.51015 2.51857 0.392226 0.875101 
3.23699 4.55725 0.491174 0.691739 
1.82916 3.41702 0.366344 1.18519 
1.14858 4.7778 0.339505 0.611092 
4.7401 2.72968 0.0356954 0.130407 
11.5028 12.291 0.0852203 0.913671 
1.3938 2.42893 0.490588 0.804564 
1.21935 3.10661 0.0397198 0.111836 
9.10793 3.42374 0.104861 0.42291 
7.41845 13.2664 0.0924458 0.829556 
1.19966 1.50199 0.0887168 0.202223 
7.50988 16.2936 0.0367877 0.641992 
1.49873 1.65718 0.079969 0.241721 
8.19299 15.8306 0.128275 0.907986 
1.2194 10.6854 0.109961 0.731386 
9.26181 6.69561 0.313979 1.08393 
10.5037 6.13539 0.0844731 0.331483 
10.2347 15.2968 0.161607 1.0095 
4.81203 2.38569 0.12014 0.600903 
4.30387 22.7372 0.170577 1.66167 
3.41285 1.93822 0.181915 0.527287 
4.31577 4.67277 0.93923 1.34299 
2.80581 7.55357 1.13126 1.67659 
1.48452 3.08778 0.498154 1.06624 
1.12714 4.22976 0.073625 0.0944571 
3.81394 11.3412 0.0484664 0.498632 
16.7836 4.39373 0.0965588 0.569424 
6.04053 12.9395 0.32325 0.834087 
0.792313 1.93425 0.0770414 0.181524 
1.00669 5.72659 0.0458459 0.0767491 
1.45042 2.51945 0.200904 1.14285 
8.13761 7.42889 0.187768 1.02876 
2.94138 10.6189 0.636784 1.19056 
5.08145 12.6712 0.0744502 0.579483 
2.12027 2.36417 0.0840427 0.509911 
3.17186 5.05802 0.458685 0.969143 
1.05603 0.671833 0.0554747 0.115461 
1.17535 1.17263 0.383678 0.69401 
2.07742 2.38067 0.076897 0.513388 
8.92927 4.32322 0.115129 1.0307 
1.48911 1.41119 0.552322 0.693591 
2.43329 1.63949 0.182612 0.451282 
1.30129 1.4292 0.114058 0.151766 
11.0068 16.8344 0.113356 1.04289 
4.83751 15.6737 0.112358 0.421019 
6.56088 7.61386 0.0913468 0.274694 
2.07946 2.68332 0.193895 0.732589 
1.3874 4.4367 0.161011 0.469276 
11.0844 9.88695 0.1371 0.265531 
0.608235 0.491837 0.0781252 0.120467 
3.27037 2.9386 0.0925601 0.999219 
9.0433 6.15771 0.0794704 0.477453 
0.79936 3.68003 0.109727 0.385861 
3.34277 2.49404 0.121895 0.965066 
4.73633 7.75799 0.226943 0.97334 
1.54129 2.81791 0.0375059 0.155372 
2.24299 2.15047 0.239688 1.37122 
0.765504 0.518229 0.0625008 0.377487 
2.91908 2.619 0.515857 1.63333 
10.6302 5.8958 0.0982545 0.912679 
0.611753 5.85962 0.0726126 0.153607 
4.80631 3.79921 0.0668947 0.384102 
2.12806 2.12878 0.275579 0.909951 
5.90981 3.53161 0.132174 0.944404 
0.830646 0.802423 0.0673615 0.355768 
12.5192 7.411 0.0753268 0.451486 
6.37608 7.27835 0.129216 1.21758 
12.3862 13.5673 0.398209 1.40407 
3.84625 2.92148 0.0351283 0.263516 
10.0579 12.6936 0.0804027 0.620855 
17.1782 12.383 0.158058 0.838457 
0.563594 0.602005 0.178248 0.449054 
9.00888 5.56777 0.10801 0.610183 
5.78078 7.68895 0.441477 0.925485 
5.46224 22.9049 0.175423 1.34261 
0.497808 0.675005 0.0698647 0.352468 
1.74795 1.85478 0.301929 0.804962 
4.39398 2.20567 0.124617 0.235891 
1.68107 1.56276 0.260906 0.793802 
7.60767 6.29602 0.093759 0.900975 
15.0805 6.50215 0.104381 0.545986 
8.73317 13.0066 0.133519 0.882032 
0.402048 0.645613 0.0489129 0.106356 
6.26847 4.99893 0.05875 1.07496 
13.1322 18.8243 0.236716 1.51987 
3.21601 6.45023 0.153783 1.08738 
2.70646 1.9504 0.0730687 1.13083 
3.7115 6.12609 0.127961 1.16144 
4.69879 3.28673 0.142069 0.398441 
5.49712 3.98987 0.0579611 0.26752 
1.03957 10.2431 0.0557695 0.287652 
9.33934 10.0737 0.137395 0.493299 
2.92823 2.4647 0.0403221 0.460891 
2.13311 3.37963 0.116052 0.957098 
13.4597 17.7781 0.128887 1.03616 
8.43559 15.7787 0.0667394 0.756935 
1.01878 1.22193 0.179934 0.843426 
1.01361 9.20171 0.107575 0.275334 
0.510116 4.14883 0.277159 0.956361 
3.19226 2.18105 0.197578 1.12743 
3.20231 2.22529 0.0965778 1.04428 
9.30515 12.2361 0.0637442 0.8091 
0.586213 1.7338 0.0522615 0.126096 
1.183 1.09445 0.0854075 0.150954 
6.29045 3.80627 0.0780456 0.392444 
1.6326 1.56536 0.212285 1.0079 
1.958 20.2414 0.147992 0.890569 
3.37636 5.76433 0.0456591 0.363818 
10.7959 5.26734 0.0683409 0.188532 
2.68816 3.5115 0.220251 0.532253 
0.53428 0.781 0.346732 0.360857 
4.23425 8.79235 0.0454657 1.29978 
4.64861 4.6519 0.29269 1.03386 
1.24163 3.0972 0.0919551 0.442279 
1.38846 2.98507 0.102224 0.493532 
2.55604 1.39586 0.0706065 0.610007 
10.512 7.19901 0.173549 0.901584 
15.854 7.38965 0.16014 0.57701 
1.29565 7.03066 0.0390095 0.163488 
11.9303 30.9802 0.15561 1.62888 
1.34947 6.9477 0.0945286 0.249629 
2.30585 9.04275 0.195608 0.993869 
3.95038 2.94897 0.0779862 0.434642 
6.28999 4.90324 0.0809535 0.468382 
1.36222 5.89462 0.121563 1.03781 
9.20356 5.91937 0.180708 1.42822 
1.8501 3.19669 0.103977 1.05854 
14.8815 7.18865 0.199556 0.967415 
13.4881 5.59139 0.139397 0.692943 
0.831687 0.880674 0.0684021 0.65127 
17.1034 2.88933 0.0875078 0.806668 
2.58133 1.2982 0.0362429 0.209373 
11.6993 5.43241 0.138986 0.82946 
7.43025 5.98415 0.0593008 0.502138 
2.09138 2.27374 0.159558 0.488738 
13.2965 12.0436 0.0894625 1.45719 
0.770502 0.943735 0.48437 0.104314 
1.51922 1.84932 0.767572 0.687457 
0.828192 0.634449 0.061002 0.141885 
9.47659 5.67693 0.365644 0.230376 
7.42973 5.41258 0.366974 1.13732 
2.15815 4.81179 10.2119 2.91317 
3.78831 6.22859 0.0992112 0.445464 
1.89246 22.1903 0.110542 0.770399 
1.57391 2.51105 0.133639 0.956966 
0.958319 0.800071 0.0857439 0.306215 
1.85639 2.66228 1.44653 1.28833 
10.3998 4.81263 0.11677 0.390235 
14.5176 4.87778 0.150099 0.784959 
11.3694 1.58047 0.0581819 0.136261 
12.5985 10.6857 0.1374 0.93816 
10.6458 11.1438 0.182485 0.799541 
18.4629 20.6567 0.107815 0.764364 
4.63422 2.87218 0.163992 0.868752 
3.43189 5.97383 0.0528391 1.06347 
7.91407 4.80737 0.105846 0.953171 
1.68221 9.49508 0.0402904 0.152392 
2.07545 1.8042 0.0916331 0.993151 
5.16317 4.98903 0.227811 1.17571 
6.91299 5.48804 0.161575 0.818668 
9.43053 17.3209 0.125097 1.22156 
15.1282 17.6438 0.159777 2.12486 
1.58592 5.65222 0.192953 0.510203 
10.907 5.87787 0.105352 0.803041 
2.86325 2.65907 0.0834131 0.937769 
14.141 11.2324 0.124081 1.28581 
0.879709 2.37532 0.0847873 0.398259 
1.39499 0.869584 0.0489185 0.189489 
1.14125 1.00763 0.060884 0.494906 
13.2273 14.3304 0.0846083 1.37509 
0.729062 1.35991 0.0507916 0.191483 
0.586059 1.28819 0.541201 1.00235 
2.07831 1.7301 0.0605174 0.319971 
2.73551 5.16493 0.0451914 0.551514 
18.9207 8.38901 0.136069 0.466401 
11.9077 13.1434 0.0990131 0.804694 
14.1718 12.9529 0.184223 1.05985 
5.3861 19.2147 0.129067 0.852418 
11.5229 11.1744 0.132129 1.44549 
11.8443 12.7531 0.0443738 0.311327 
0.728929 0.501637 0.29046 0.206802 
2.15221 6.67271 0.192365 0.889925 
1.69464 2.03573 0.579436 0.99226 
1.42838 1.09531 0.163898 0.854676 
8.09217 15.4822 0.0908897 0.718626 
1.595 4.27807 0.0753189 0.748954 
5.42585 13.1663 0.0676733 0.431614 
7.44081 23.3945 0.0890607 1.59367 
1.46357 5.92086 0.0772796 0.438389 
0.916143 12.6691 0.123692 0.560355 
1.04931 1.03603 0.138166 0.56253 
0.965106 4.58617 0.0612596 0.143856 
12.9899 8.44692 0.0615711 0.174408 
6.62767 11.0081 0.130149 1.02809 
9.2072 8.82955 0.0324702 0.279395 
1.94612 19.5857 0.130138 1.15098 
6.01002 21.1625 0.0623434 1.33116 
6.86256 4.16515 0.116293 0.42755 
2.166 4.03495 0.0644791 0.235018 
0.59805 0.330495 0.0381193 0.0988151 
18.3024 7.7019 0.219936 0.726505 
13.1601 17.8875 0.0836305 1.43811 
2.01523 2.16006 0.121367 0.231824 
1.31074 1.8703 0.846555 1.18133 
2.30023 3.78526 0.174927 0.864577 
13.98 8.30433 0.0470534 0.769328 
14.5348 5.58135 0.160284 0.825545 
12.3258 1.78541 0.168746 0.507069 
1.11905 0.624472 0.058301 0.193857 
6.23664 23.4437 0.151015 1.52679 
2.29582 3.10446 0.671959 0.947386 
1.08356 1.72959 0.0869769 0.363131 
11.9054 22.313 0.138515 1.05788 
0.300665 0.273952 0.0663801 0.401144 
10.1708 12.0775 0.135052 0.839596 
0.907146 1.49326 0.157505 0.236229 
5.16335 11.4506 0.298245 1.16395 
9.89086 6.39225 0.708869 0.995207 
12.3451 7.07404 0.214353 0.460037 
5.6957 10.6912 0.121894 1.30077 
14.006 13.5649 0.0843164 0.96459 
9.97538 2.70944 0.165656 0.458208 
14.8328 8.15653 0.0590697 0.928968 
8.20959 2.43899 0.0699863 0.356174 
11.4084 9.58583 0.126334 0.368328 
3.32582 2.34582 0.117705 0.46516 
10.1194 9.21412 0.12557 1.31389 
1.36278 4.09072 0.107002 0.740145 
11.2926 17.2581 0.067594 1.296 
4.15393 6.12554 0.123261 1.32566 
10.7139 20.3877 0.133254 1.22416 
5.30811 8.79247 0.137888 1.0653 
11.0316 13.3401 0.194038 1.08269 
12.3581 31.9805 0.0665292 1.45336 
6.77654 10.3145 0.119552 1.61148 
4.05323 6.9094 0.0761905 1.30476 
4.81036 5.03211 0.180616 1.2227 
9.01734 15.8004 0.130419 1.06837 
7.29599 12.266 0.134806 1.01493 
10.3479 22.1911 0.263004 1.65108 
13.9044 6.43191 0.0976853 0.806026 
14.4 8.08028 0.143175 0.912252 
3.81101 5.585 0.165147 0.94418 
1.43051 1.75047 0.389558 0.985729 
1.87608 1.46271 0.137372 0.43784 
4.97329 2.66034 0.0476071 0.921505 
0.285921 0.253689 0.211333 0.345959 
0.452799 0.445483 0.423918 0.595288 
0.309213 0.245451 0.205876 0.242948 
1.58409 6.77096 0.0903876 0.34188 
5.65007 8.04445 0.100585 0.347991 
6.27413 5.2738 0.207985 0.965183 
12.8536 19.5442 0.149312 1.40163 
0.890695 0.636581 0.115226 0.360404 
4.69951 10.6381 0.131667 1.04693 
15.0803 3.4025 0.0372207 0.196874 
1.93172 1.13939 0.0938734 0.236353 
11.2411 9.4691 0.10354 0.880514 
4.52378 4.93499 0.108112 0.464297 
17.4757 11.7663 0.204959 1.11258 
2.35377 7.28723 0.119199 0.745076 
12.7868 18.146 0.098467 0.435896 
2.552 13.2688 0.242198 0.89856 
0.28261 7.34133 2.21477 4.11465 
11.6233 4.84375 0.0988566 0.609258 
1.8563 1.42335 0.137736 0.889667 
9.2272 29.1002 0.14415 1.43125 
8.35321 3.77733 0.095153 0.230822 
0.822006 1.05274 0.0747058 0.334075 
0.434294 0.746158 0.277838 0.464026 
1.54011 0.906411 0.0481903 0.39449 
14.1565 13.2009 0.0695608 1.21958 
9.82688 7.22396 0.176699 1.2859 
1.08603 1.02844 0.0438151 0.218838 
1.2464 1.54123 0.13398 0.360982 
6.0812 3.19809 0.161613 1.03717 
4.20555 3.04788 0.0402888 0.904316 
2.82975 4.78737 0.542127 1.21558 
2.57441 3.95533 0.456043 1.15933 
4.35559 5.49453 0.650651 1.81646 
1.38365 1.48887 0.0706799 0.158095 
1.449 1.93012 0.335884 0.93193 
7.4259 2.50738 0.0398386 0.221172 
3.33349 2.893 0.136474 0.698309 
17.6499 3.85026 0.185977 0.495875 
2.27191 1.14425 0.0399418 0.229658 
3.70104 3.43321 0.0863396 0.993374 
17.3243 11.1498 0.160412 1.07787 
0.821285 2.52674 0.158492 0.279665 
1.39019 4.35588 0.101735 0.409002 
2.06532 4.95334 0.206744 0.478619 
12.2277 13.6987 0.0978997 0.39786 
9.88252 13.3686 0.19029 1.47845 
5.82859 6.76804 0.0863871 0.886793 
9.44557 6.51453 0.0686304 0.963865 
1.30419 1.94367 0.31033 1.03548 
2.35068 2.18539 0.0867136 0.388427 
4.81944 7.23558 0.105274 0.354828 
0.723961 1.03396 0.281916 0.471208 
2.56693 1.71991 0.0824284 0.481692 
13.6637 8.88094 0.183427 1.03254 
3.4363 2.32222 0.36262 0.870231 
0.471985 1.10353 0.38934 0.804802 
3.43159 2.51737 0.0493279 0.198862 
1.8236 1.3057 0.0819706 0.416775 
6.19156 8.1347 0.0426325 0.430174 
1.58038 2.12262 0.0663316 0.397142 
9.01203 16.696 0.0755499 0.57486 
1.31727 1.46655 0.178671 0.622995 
4.63118 11.1796 0.188407 1.35192 
3.84636 4.85645 0.240597 1.21438 
0.715839 1.3932 0.650548 0.730832 
0.682652 0.956122 0.102424 0.162177 
1.85985 10.1195 0.134145 0.960069 
1.42441 0.964303 0.488431 0.716784 
2.60999 3.24385 0.381851 0.787428 
6.94409 15.5327 0.240986 1.24884 
4.86627 8.436 0.0847278 0.980974 
4.84218 3.38366 0.150547 0.65206 
0.656335 0.649303 0.174214 0.222028 
6.89267 10.0081 0.210716 0.914672 
12.891 6.67665 0.0553008 0.35004 
10.6836 9.89956 0.126428 0.89093 
0.621685 3.13201 0.0585861 0.145565 
3.97263 2.38744 0.115726 0.701362 
1.4673 2.31913 0.970241 1.44364 
3.74696 3.80552 0.190282 1.33072 
5.15107 9.02596 0.403963 0.969806 
14.0532 4.4793 0.0438084 0.922263 
1.05501 2.1728 0.251175 0.900746 
1.64743 3.12414 0.0859517 0.409937 
2.37656 1.82375 0.0716697 0.122675 
0.893262 0.883919 0.250896 0.603447 
1.91915 1.6515 0.189768 0.476275 
12.9942 4.8452 0.0752769 0.35922 
12.7488 6.533 0.0589211 0.867183 
2.06648 2.10359 0.101376 0.296393 
4.00841 4.17972 0.0905701 0.547134 
17.225 10.7587 0.221146 1.42454 
14.647 7.30992 0.134948 0.786613 
10.9771 26.8016 0.089176 0.673754 
11.9656 3.92009 0.0857958 0.250258 
5.10117 0.970919 0.0411367 0.518725 
4.0832 6.31564 0.0870928 0.605819 
14.0569 4.60779 0.0956428 0.379451 
12.975 12.1265 0.0584939 1.37091 
2.50558 7.00871 0.17708 1.07488 
15.6025 7.51069 0.277713 1.28767 
2.93948 5.78667 0.0926728 1.22183 
11.2733 8.28532 0.223364 1.62669 
7.56866 14.6042 0.146805 0.822091 
5.79297 16.644 0.0762073 1.18302 
2.57235 1.91172 0.82328 0.966011 
0.692393 3.44618 0.0435144 0.208808 
1.37254 18.4323 0.0616748 0.448419 
8.84022 7.66972 0.0702663 0.439722 
1.23663 4.16858 0.0885391 0.352135 
0.208561 0.229859 0.0549323 0.134109 
7.07123 4.7943 0.0594385 0.569461 
3.72365 7.40987 0.126444 0.852662 
8.73063 15.7855 0.132205 1.02786 
3.86807 3.79294 0.37117 1.18918 
10.7171 14.8227 0.0490211 0.487652 
1.80277 20.8858 0.108104 0.336559 
1.09476 5.31464 0.0565648 0.228944 
2.20209 4.25569 0.0893437 0.651245 
6.41639 4.52565 0.056251 0.377523 
1.08344 0.934111 0.239702 0.727307 
1.07806 0.82083 0.301932 0.250968 
0.692482 5.8228 0.0776772 0.366296 
0.91143 0.912439 0.0468664 0.308749 
6.04627 1.5786 0.133313 0.570664 
0.455524 0.483646 0.074183 0.35091 
3.0034 14.041 0.169659 0.990613 
1.54157 1.87021 0.0972256 0.416039 
6.49362 3.89737 0.0947954 0.210856 
0.482653 0.724497 0.219529 0.146575 
0.4006 0.420654 0.195951 0.051 
2.06349 1.88569 0.057041 0.740312 
7.34147 15.5875 0.120088 0.963819 
4.02415 9.43435 0.133384 1.49026 
1.93578 1.4589 0.163021 0.747295 
12.1632 9.17032 0.0753478 0.662553 
10.0521 10.5461 0.219594 1.18971 
2.19208 14.679 0.179541 1.28469 
1.64817 5.17559 0.0988467 0.608274 
18.1956 10.871 0.211166 1.55875 
11.2949 17.7565 0.114913 0.963217 
2.97622 6.52952 0.134262 1.07255 
16.5806 7.94188 0.195079 1.20287 
2.67258 3.65621 0.188916 0.511292 
12.1285 3.79265 0.0499078 0.71903 
10.7873 9.77171 0.290307 1.61702 
0.491114 0.557141 0.039968 0.159185 
1.03105 7.81464 0.110812 0.198311 
4.02655 7.86313 0.135603 0.700764 
8.08434 6.48849 0.0692259 0.773829 
3.15091 4.16278 0.256496 0.836688 
8.17817 18.8888 0.0942838 1.15906 
2.93953 1.43575 0.26912 0.150841 
10.6471 12.4709 0.131819 0.896706 
9.3306 8.18268 0.135936 0.592575 
13.7465 6.51149 0.104307 0.598284 
11.7784 12.6635 0.101638 0.360492 
4.64184 5.41692 0.0718602 0.293095 
10.6128 9.53682 0.111636 0.699939 
16.7457 9.69425 0.201624 0.972391 
0.975115 0.973912 0.0745014 0.256754 
4.87123 4.54413 0.149584 0.96338 
7.26288 8.30818 0.196766 1.21751 
2.67866 3.27008 0.041334 0.210959 
0.853888 5.07907 0.0936541 0.242932 
0.595525 8.02212 0.0369372 0.0667166 
3.47614 11.8007 0.360056 1.43362 
6.45091 4.52286 0.0726161 0.932901 
12.6876 6.56827 0.0396764 1.12829 
2.92818 3.41572 0.323814 0.583976 
6.46157 9.61571 0.0771839 0.291622 
0.859436 5.60509 0.361601 1.35411 
2.68491 1.72962 0.0917992 0.133192 
0.326772 0.473873 0.0809397 0.18876 
1.5667 0.686194 0.0664806 0.183934 
5.41654 9.59332 0.0955877 0.949018 
14.2861 7.56126 0.206941 0.916362 
1.06861 7.1171 0.171274 1.01546 
5.22825 12.5927 0.17445 1.31024 
1.02674 22.4969 0.130688 1.05061 
5.91948 4.37726 0.0709861 0.444637 
8.88777 7.92492 0.202135 1.35947 
1.17446 1.49202 0.068305 0.134291 
7.04087 3.18741 0.0968277 0.402578 
14.9838 6.92974 0.144374 0.811126 
3.58563 5.06774 0.296937 1.33216 
10.9859 16.9184 0.08314 0.925106 
1.46261 2.27267 0.126462 1.17582 
3.51255 5.75341 0.0614092 0.603426 
5.75721 5.1789 0.198941 1.25453 
4.94793 3.49794 0.733743 0.889888 
8.72217 5.01921 0.0872866 0.284241 
1.55098 2.10834 0.479917 1.07969 
2.28096 2.97059 1.15931 1.36722 
21.423 5.77815 0.109269 0.799628 
12.7302 7.57001 0.175914 0.69889 
8.58407 8.80202 0.0634995 0.216663 
6.38234 12.8704 0.180174 1.17014 
1.63642 2.74305 0.814641 1.08328 
5.7647 4.57166 0.120639 0.437569 
2.50299 3.30598 0.258173 0.588272 
0.82331 10.3136 0.0394054 0.0874952 
12.4166 18.9053 0.12038 1.7852 
3.04841 4.17054 1.54219 1.11729 
3.22965 8.75538 0.120663 1.15302 
4.67683 4.40272 0.0522458 0.546498 
2.11961 2.92119 0.147483 0.867285 
16.4272 7.53888 0.137848 0.820682 
10.7538 26.5166 0.15131 1.1795 
11.8328 2.37351 0.142894 0.65041 
6.23107 3.21232 0.265469 1.03118 
0.827395 0.973825 0.0792028 0.0946045 
11.563 6.32879 0.106861 1.26175 
1.40944 2.93005 0.32119 0.913026 
1.99646 4.81041 0.069346 0.437985 
1.52804 2.38745 1.38161 1.44188 
1.56911 1.10743 0.0811408 0.266082 
2.76313 3.78052 0.190116 0.806564 
8.39944 5.57066 0.108414 0.382187 
2.67528 5.04497 0.183164 1.25847 
2.74976 2.50606 0.554432 0.921803 
4.40534 21.5378 0.148814 1.14117 
1.49979 2.50644 0.126693 1.02368 
4.39063 4.95803 0.57275 1.11249 
2.58243 8.45274 0.361074 1.08706 
0.9836 2.19913 0.158519 0.984909 
1.07521 1.20507 0.513916 0.845025 
0.857677 0.840328 0.354894 0.403125 
1.99404 1.5568 1.61955 0.805945 
2.39948 5.23481 1.26454 1.385 
10.2538 8.87461 0.139892 0.55551 
10.0652 11.5267 0.136384 0.761152 
1.46506 8.36589 0.113956 0.403579 
1.53745 0.739537 0.0597466 0.211887 
2.06536 2.74195 0.421977 0.818464 
2.7162 6.78428 0.529168 1.56519 
5.12055 8.8935 0.0784449 1.48767 
1.06444 3.33531 0.0438313 0.145038 
1.21015 1.52435 0.224626 0.336477 
1.55884 1.31706 0.570492 0.754345 
4.522 8.59446 0.229101 1.35532 
14.4879 16.9341 0.135469 0.921258 
3.00622 2.59134 0.0672637 0.577252 
9.05387 4.4909 0.123236 1.03695 
0.455096 0.593535 0.340508 0.422599 
0.521275 0.472516 0.0587056 0.363065 
2.02628 1.9825 0.0763338 0.345311 
1.59404 4.71421 0.0699482 0.153368 
3.79427 11.5087 0.112756 1.25607 
11.0523 5.99931 0.0721411 0.330328 
1.28365 1.78409 0.259304 0.44261 
17.2976 9.81916 0.22211 1.70367 
2.02161 2.25723 0.0782583 0.166747 
9.90581 27.2061 0.157794 1.64962 
0.57975 0.929129 0.492064 0.531945 
1.563 1.98127 0.0578064 0.263117 
2.15742 2.0282 0.0728861 0.270811 
5.6084 4.41393 0.117481 1.20579 
1.30661 1.46335 1.15582 1.09269 
0.621603 1.14171 0.23428 0.410735 
1.12314 1.62539 0.544869 0.802001 
5.50422 5.61921 0.16431 0.848006 
5.45081 2.54157 0.0443713 0.147316 
13.6029 5.93646 0.117435 1.15022 
1.77032 19.544 0.0770292 0.526324 
12.6162 18.5831 0.137093 1.18614 
10.137 16.0824 0.219667 1.26898 
7.90835 13.0701 0.0860115 0.25725 
16.6642 7.03275 0.0578374 0.782258 
1.3858 1.90371 0.463755 0.629389 
0.882808 1.07173 0.0420188 0.258686 
6.13825 6.20937 0.171935 1.12391 
5.68217 10.7848 0.04623 0.415828 
0.821002 2.23833 0.100445 0.200455 
3.74937 3.15561 0.173835 1.62529 
3.42981 5.4071 0.138596 1.29819 
1.5885 2.5274 0.045342 0.228584 
8.77291 3.9605 0.1165 0.935577 
0.549285 0.690817 0.0500225 0.269681 
5.67611 7.61719 0.242398 1.1169 
16.2724 6.41769 0.0925937 1.06861 
0.965139 0.930126 0.0523912 0.211528 
4.95724 0.570489 2.50877 1.71273 
7.04235 5.88954 0.0454201 0.495832 
13.1771 7.48282 0.0576814 1.08541 
7.62134 1.57249 0.0582546 0.185165 
7.4204 16.0323 0.141799 1.11668 
9.75251 6.45971 0.0810835 0.975197 
3.82492 9.57239 0.0992797 1.19893 
0.258274 0.304622 0.101483 0.410432 
9.32757 8.32915 0.146889 1.01833 
17.7114 5.70481 0.100408 0.591542 
0.831243 0.801545 0.0382831 0.130311 
1.36936 2.80458 0.0811093 0.288601 
25.3223 17.0899 0.134931 1.24175 
17.9469 15.4667 0.214315 1.34304 
7.72357 7.08417 0.101958 1.12527 
1.15803 1.78166 0.195959 0.374932 
6.08118 3.38088 0.106842 0.5436 
1.08548 3.45979 0.0840139 0.390243 
8.66261 6.34714 0.0411252 0.399843 
0.792718 0.723565 0.0435484 0.131911 
2.23699 2.11369 0.308523 0.614487 
0.617696 0.671062 0.0392767 0.19307 
6.55088 10.2567 0.0597755 0.13606 
0.56531 2.5904 0.508872 0.942358 
1.36173 1.00577 0.0616814 0.223939 
12.4717 19.3513 0.187216 0.308691 
4.343 1.42523 0.0403899 0.658779 
8.69156 4.6343 0.120297 1.07634 
1.04386 4.40065 0.0975804 0.198497 
0.605067 0.814872 0.140047 0.427182 
1.05482 1.87657 0.332302 0.811702 
2.68463 2.39925 0.040606 0.188091 
4.10113 3.8726 0.0692387 0.86434 
11.3747 22.53 0.147693 1.03585 
2.51588 3.99987 0.279202 1.21072 
3.54978 2.8487 0.0895394 0.820695 
1.08194 2.26039 0.103381 0.463731 
5.57928 10.8108 0.0663059 0.295435 
1.18785 1.09013 0.163438 0.605058 
1.05391 1.13434 0.0737504 0.333952 
7.56981 5.75112 0.135088 1.1822 
14.0415 13.278 0.271339 1.24875 
0.480437 0.542861 0.0583734 0.108354 
5.30184 8.96542 0.408486 1.14129 
4.70339 8.78445 0.124867 0.789712 
7.8046 4.97786 0.0737318 0.976989 
1.67783 1.08293 0.0351842 0.320683 
3.3829 5.6287 0.135427 1.2844 
11.5864 8.87306 0.211382 1.10475 
1.41898 7.58228 0.160696 0.889629 
0.702522 0.434814 0.280673 0.249444 
13.9053 4.09294 0.291333 0.709883 
11.403 9.30486 0.109195 0.885696 
3.00718 1.58625 0.0978242 0.290058 
17.3753 10.1885 0.105365 1.61473 
11.7192 16.0021 0.0893742 1.18575 
1.52675 3.1816 0.0453405 0.207472 
6.80365 6.44853 0.10048 1.07549 
6.95241 28.2593 0.204052 1.20531 
8.75415 5.13475 0.122657 0.527943 
15.9977 22.3869 0.125311 0.93702 
13.2682 6.37021 0.148294 1.38003 
8.76067 15.5065 0.0680626 1.07967 
2.12376 3.32583 0.248969 1.11679 
7.52673 9.7343 0.160284 1.52289 
2.70228 4.97334 0.0431968 0.341739 
7.22172 4.44316 0.075586 0.376932 
3.60107 6.40897 0.0791202 0.661135 
4.06224 15.4082 0.188659 1.28953 
1.69299 2.52123 0.0990524 1.01148 
7.19767 7.91308 0.0588394 0.933416 
13.7234 17.9391 0.097467 0.887436 
10.8945 19.3487 0.161684 1.44 
14.7512 4.08876 0.2119 0.413328 
1.00039 1.76215 0.095156 0.275442 
0.779869 0.912071 0.176198 0.44694 
9.86699 7.93802 0.267765 1.03891 
0.982233 2.17614 0.511404 0.713722 
13.8594 8.63562 0.176638 0.873788 
1.81922 4.47434 0.0567528 0.183141 
0.579499 0.561077 0.0410847 0.211113 
3.36713 7.10392 0.176079 1.07422 
4.8967 8.99829 0.2112 1.02239 
9.77185 1.57235 0.080115 0.33529 
10.9634 3.84115 0.140595 0.944392 
9.57482 6.71943 0.144179 0.857718 
6.50193 6.6462 0.0281056 0.528734 
12.758 10.0069 0.135539 0.853275 
14.9313 4.69424 0.0841357 0.364514 
0.127121 0.235357 0.147906 0.187711 
4.67011 2.97712 0.0374521 0.351278 
3.07936 4.40474 0.161623 1.22273 
10.0275 7.15423 0.105103 0.403473 
3.35605 8.72183 0.080297 1.42728 
1.52278 4.13714 0.0367806 0.202934 
10.4568 10.4393 0.0535876 0.590989 
2.95009 2.49439 0.100936 0.212331 
7.76934 6.97016 0.173778 0.743247 
18.6235 2.87296 0.08595 0.324238 
3.99995 3.63493 0.265641 0.611227 
2.05561 6.62908 0.11182 0.867449 
7.93462 11.7567 0.0699878 1.28566 
7.42421 11.8906 0.0739676 0.384243 
0.87253 1.83839 0.208377 0.779008 
11.5708 8.70956 0.119376 0.866938 
5.68065 12.94 0.175066 1.00317 
7.94894 5.47864 0.0959759 0.497046 
7.8133 5.39205 0.0965133 0.42684 
6.60536 6.33805 0.0997104 1.41595 
15.9672 19.5269 0.140805 1.16843 
1.24653 1.66091 0.0452057 0.320096 
1.51449 2.02557 0.0648172 0.268809 
0.672658 0.64698 0.0918547 0.194831 
1.12671 1.06566 0.209528 0.663984 
0.923699 0.779345 0.0959368 0.345349 
15.1931 11.3404 0.202273 1.1685 
4.39724 2.51876 0.358518 1.08735 
0.451518 0.428535 0.0424712 0.133936 
1.81463 1.60012 0.116927 0.341263 
8.13456 23.5969 0.117707 0.973697 
7.51588 6.25398 0.116153 0.938239 
1.25289 2.97227 0.365848 1.06437 
6.86375 12.5398 0.0391085 0.860274 
9.16947 16.8263 0.291042 1.78329 
5.24717 4.02634 0.152946 1.21539 
2.61857 2.35191 0.0417068 0.254034 
9.64429 17.2703 0.207598 1.23842 
8.75177 8.97272 0.177159 1.78823 
12.0579 11.8887 0.150351 0.921964 
3.82888 17.5412 0.22644 1.36735 
0.541993 2.01954 0.260444 1.04123 
10.8048 5.62536 0.166185 0.467976 
6.79322 3.78094 0.228534 0.487717 
8.81679 6.7277 0.0751775 1.10012 
12.9363 2.92932 0.0967893 0.678653 
6.93003 4.05504 0.0895768 0.361935 
0.94437 1.5728 0.350075 0.953105 
1.62078 2.51345 0.0826699 0.286034 
11.9957 5.10831 0.102188 0.282605 
2.31331 11.177 0.187099 1.37961 
4.81136 3.01734 0.193105 0.41753 
12.0316 3.61642 0.0560321 0.285393 
5.0235 1.80279 0.0285672 0.220893 
5.33606 6.55388 0.109822 0.909465 
5.12075 3.34417 0.0656714 0.540274 
3.60174 5.22939 1.15754 1.35564 
4.40104 9.06508 0.82345 1.52737 
1.83468 7.5282 0.106846 0.291779 
3.63601 2.16847 0.155746 0.192549 
1.29803 8.55334 0.0567803 0.251834 
2.14257 1.60445 0.0309797 0.589607 
8.92259 13.3682 0.158847 1.40606 
1.71946 4.71635 0.186264 0.321012 
3.71479 4.93167 1.52763 2.05012 
1.3218 5.00258 0.0673235 0.515686 
13.8367 3.93978 0.170654 0.466163 
10.8816 10.0362 0.0632223 1.14839 
2.04531 3.86549 0.143833 0.537257 
2.10001 10.6818 0.060589 0.424034 
0.167296 6.93161 0.939005 1.28664 
3.17337 2.3454 0.0925129 0.34671 
1.49563 3.37935 0.0365602 0.277152 
10.6647 10.2421 0.315506 1.20087 
7.20916 10.2076 0.160989 1.73652 
4.99345 15.0939 0.12919 0.479008 
0.899973 1.25501 0.0776201 0.352272 
2.65573 2.7632 0.0431279 0.468348 
1.61788 4.18423 1.29442 1.2946 
2.78523 2.91801 0.0746657 0.252474 
2.80158 2.6122 0.0874171 0.398219 
5.2994 5.34735 0.104707 1.3466 
11.7606 8.58952 0.0923646 0.972033 
1.93651 6.39556 0.137648 0.840555 
12.5001 10.4156 0.212061 0.793295 
6.57794 17.2277 0.158298 1.25113 
3.21551 1.57272 0.0649491 0.235015 
6.55293 6.94695 0.0600392 1.07419 
2.31464 9.97364 0.0434307 0.229235 
6.59569 6.69382 0.135509 0.551166 
3.74182 5.77674 0.524648 1.06531 
3.62311 2.35965 0.60786 0.92243 
0.869961 7.83039 0.165612 0.587844 
3.63088 3.01759 0.119115 0.252824 
2.13945 0.789886 0.0428862 0.207664 
5.70356 15.6556 0.240049 1.13344 
12.9674 2.25047 0.145864 0.355328 
0.840837 0.977553 0.714398 0.499839 
7.89838 3.91269 0.0540089 0.295651 
1.06592 1.32885 0.165458 0.758458 
1.29422 1.35082 0.0918542 0.345824 
3.28495 2.28773 0.0395389 0.138911 
10.7669 3.13848 0.135908 0.689982 
3.86437 12.6393 0.115714 0.962184 
1.65497 5.25093 0.0970525 0.599636 
0.456495 1.91784 0.028037 0.0741161 
9.68834 14.0428 0.140473 1.28117 
1.49803 2.30361 0.0485995 0.210261 
3.64399 4.6941 0.0430916 0.204711 
1.33872 1.81982 0.516134 1.27023 
0.359114 0.552919 0.186279 0.233687 
4.84799 5.50045 0.0622988 0.627478 
0.878736 0.839139 0.0516907 0.250083 
16.93 5.46528 0.107796 0.882294 
14.6745 13.4612 0.194397 0.870612 
1.62748 1.56368 0.0959148 0.254056 
1.55596 5.04429 0.138292 0.958072 
0.915699 0.789372 0.166577 0.218688 
0.64537 0.492251 0.103098 0.149367 
0.484793 0.540519 0.0994762 0.212296 
0.970044 5.32186 0.0847639 0.564896 
1.2859 2.1269 0.0561624 0.169345 
4.87819 3.62374 0.0429588 0.666225 
1.43047 2.27571 0.0455079 0.329908 
2.16094 7.08322 0.0533435 0.443144 
1.14267 2.91553 0.0722425 0.237123 
2.82887 3.21615 0.497411 1.16277 
5.35659 4.53064 0.17972 0.695294 
0.40233 0.515372 0.181886 0.199415 
0.642251 1.27567 0.424158 0.484843 
12.5091 7.06586 0.0769209 0.355409 
7.66797 5.42902 0.0640771 1.1209 
1.4659 1.10548 0.593447 0.662916 
4.15904 4.04668 0.115346 1.11963 
5.39186 8.63912 0.0684377 1.31095 
12.6121 8.60663 0.165679 0.948747 
4.55877 2.87249 0.0838194 0.290055 
8.69946 6.00693 0.327777 0.792827 
9.78558 4.93571 0.304934 1.09982 
1.4988 2.20168 1.93946 1.13697 
1.00462 2.46774 0.132288 0.56959 
2.65027 15.1302 0.104508 0.608869 
15.4341 6.84783 0.065624 0.600704 
4.72788 4.00067 0.0302007 0.253356 
2.24972 3.15158 0.131285 0.459542 
6.80535 5.28467 0.052395 0.615985 
8.77637 8.26707 0.068457 0.360936 
13.3977 5.92921 0.0839132 1.28978 
0.435702 0.551566 0.0578105 0.134616 
2.18907 2.59505 0.154405 1.13304 
5.27048 6.37378 0.0888256 0.694145 
13.3392 19.3965 0.123599 0.748475 
2.57839 16.0031 0.178941 1.19007 
2.51735 10.9804 0.145354 1.264 
2.40438 1.34367 0.0693538 0.211599 
1.16714 3.54568 0.121116 0.157375 
16.0355 4.89937 0.122073 0.694689 
1.84124 7.05645 0.136665 1.21471 
7.1705 14.042 0.0803686 1.33456 
12.0433 9.48602 0.186132 1.23722 
5.89968 2.11658 0.0403926 0.181106 
9.46518 22.96 0.153225 1.04632 
2.25195 8.38481 0.10454 0.450062 
1.38698 8.72179 0.130936 1.21967 
6.69675 8.26853 0.194608 1.12501 
2.36358 3.14419 0.114281 0.898923 
9.80093 11.4745 0.106892 1.03548 
7.26731 9.15894 0.419851 1.55574 
4.10467 11.305 0.0661136 0.981096 
8.28039 18.5848 0.160369 0.583461 
3.36511 0.673082 0.0502251 0.0774597 
12.9806 3.32511 0.038249 0.23896 
1.89534 3.51634 0.0310957 0.255783 
0.560198 5.83559 0.0974133 0.190589 
8.70913 7.02326 0.085676 1.09896 
4.51326 5.45966 0.134038 0.820737 
2.98816 4.46813 0.438007 1.06505 
3.51835 3.1693 0.0545113 0.433433 
1.52142 2.55148 0.195201 0.935369 
1.16882 3.0163 0.212169 0.917915 
6.52435 9.04595 0.123199 1.02457 
2.39206 6.32743 0.289842 0.960138 
8.23663 8.93371 0.165073 1.2326 
15.933 6.122 0.0948645 1.1683 
4.23913 9.6701 0.313349 1.1839 
2.96287 12.8244 0.13279 0.977569 
11.8463 12.3749 0.221594 0.98186 
5.22043 9.452 0.0897573 1.26133 
1.98974 6.42048 0.0774768 0.955317 
1.2481 0.893112 0.411106 1.12399 
3.31971 3.77154 0.952052 1.39741 
4.08043 3.10458 0.0987643 0.464077 
1.54554 1.46721 0.0413127 0.47435 
1.06403 0.838758 0.807818 0.941573 
8.42265 6.27065 0.107031 0.369086 
6.16558 20.7798 0.203062 1.06855 
8.06477 9.05226 0.12436 1.43993 
4.48349 2.78157 0.0947574 0.807765 
1.17332 1.52369 0.180134 0.509326 
1.29203 10.8905 0.273245 0.946386 
12.2808 19.8594 0.117963 1.1852 
5.68642 6.06355 0.0774916 0.404869 
12.062 11.0511 0.054146 0.213169 
16.7298 7.95891 0.12599 0.847525 
2.05536 1.87637 0.470364 1.01727 
12.3505 5.18856 0.219938 0.707528 
2.62204 2.49412 0.0983045 0.361136 
4.52288 17.2097 0.1029 0.968455 
0.949395 1.72456 0.0778141 0.159021 
1.64658 2.13358 1.34586 1.0799 
1.74993 2.22171 0.351189 0.893577 
1.29698 1.48476 2.10956 0.888176 
4.42172 8.46229 2.87436 3.55352 
2.41567 6.08276 12.0745 1.72861 
0.633647 0.946925 0.930215 0.865782 
3.14609 4.47696 2.16495 2.08235 
10.8474 7.98664 0.111579 0.685495 
5.93545 4.30549 0.152045 0.426639 
1.62352 3.82834 0.20318 1.30834 
0.838475 1.28524 0.0512893 0.260009 
13.9922 6.43244 0.154458 0.811597 
1.30671 1.28938 0.113818 0.518392 
3.84228 8.55262 0.0847838 0.269809 
10.2651 12.7166 0.132526 0.533686 
5.48424 9.14275 0.165901 1.03258 
2.7985 7.56035 0.141889 0.57715 
8.32956 9.42612 0.145337 1.07124 
11.1097 5.46515 0.160168 0.988345 
9.14789 4.30743 0.0669139 0.596218 
2.05992 1.22972 0.0466191 0.805899 
1.48517 1.08812 0.31937 1.19541 
0.842507 1.57915 0.150415 0.393943 
8.67517 5.51876 0.102549 0.296154 
1.6188 1.13653 0.427553 0.722912 
1.78867 0.932928 0.09773 0.33376 
4.28106 1.79406 0.161432 0.6902 
10.5507 7.25946 0.0854124 0.924763 
4.79657 4.2042 0.0675824 1.01554 
9.48383 3.80079 0.10772 0.382389 
2.2692 1.73354 0.0826692 0.496148 
4.5326 3.74723 0.205331 0.580413 
0.341846 0.282373 0.361195 0.304845 
1.772 1.58751 0.318157 0.739507 
0.781698 0.849129 0.218541 0.600671 
1.1287 2.12904 0.0679582 0.342288 
1.45961 1.53837 0.0631548 0.187329 
3.17866 5.34448 0.186201 0.861531 
1.93155 2.71441 0.293574 0.569931 
6.576 6.6039 0.078371 0.306656 
7.56124 14.3422 0.275479 1.4913 
4.14581 5.56759 0.101644 0.413087 
8.60909 10.5104 0.203959 1.21185 
4.34672 26.7266 0.211743 1.32559 
6.36037 11.7553 0.144126 1.75526 
13.9098 5.89979 0.0722723 0.463151 
0.799229 0.524356 0.0426551 0.17847 
3.51749 2.29593 0.140232 0.573729 
4.85256 13.1332 0.274332 1.16847 
5.20541 11.1788 0.063484 0.499171 
1.33559 2.47292 0.133995 0.369606 
0.679923 1.71501 0.0400101 0.122864 
1.66104 2.65502 0.0645024 0.190829 
5.41893 4.52944 0.259833 1.18707 
17.2761 6.69253 0.07161 0.29562 
7.12726 7.75727 0.200077 1.06423 
3.04215 3.8027 0.554458 0.875043 
1.52818 1.37031 0.222288 0.691966 
1.42088 1.51387 0.032119 0.161317 
4.86815 3.80867 0.19527 0.913341 
2.51342 2.9093 0.081762 0.9726 
2.49906 2.19588 0.142266 0.590414 
4.19271 2.87342 0.16102 1.14841 
4.70214 3.40464 0.039321 0.221782 
5.33838 7.02342 0.0802678 1.37721 
9.526 15.8738 0.173968 1.18761 
12.0507 5.82237 0.169613 1.03121 
2.11947 1.58784 0.146657 0.172854 
7.69479 1.85973 0.0956423 0.217395 
7.02486 7.54499 0.0631146 0.634116 
2.04425 2.2208 0.148896 0.770983 
1.88659 1.84736 0.451472 0.779094 
9.2425 10.5549 0.171272 1.13175 
2.28796 1.73761 0.261148 0.52737 
1.04203 5.4326 0.0660827 0.145458 
1.56431 1.37669 0.11255 0.84231 
2.81574 5.05012 0.154772 0.747368 
1.10424 1.48643 0.279434 0.649178 
1.57605 2.00133 0.0746225 0.323463 
3.19847 2.22044 0.0589505 0.506756 
1.75336 2.64229 0.0585528 0.256802 
4.66746 2.3578 0.0804679 0.500582 
1.3727 1.99522 0.109058 0.389127 
5.06011 2.20475 0.138707 0.669397 
3.79386 6.85444 1.1369 0.979289 
6.70048 0.671005 0.225143 1.43134 
11.2337 12.4736 0.117946 1.05579 
11.5381 4.86112 0.0601703 0.170182 
8.73341 13.4873 0.130179 0.817905 
1.99475 2.34162 0.127393 0.470512 
6.30908 12.5364 0.0774015 1.37338 
4.6833 17.909 0.0969965 0.907497 
1.64991 3.10668 0.0681849 0.370389 
2.084 2.4056 0.0768012 0.216277 
9.07209 3.99766 0.820952 0.923455 
0.739653 1.01163 0.0735674 0.293761 
1.17118 4.13491 0.259317 0.651664 
0.706886 1.61479 0.0760641 0.342406 
4.1626 11.9759 0.0402774 0.309954 
7.48156 11.6041 0.0830315 0.279507 
16.532 7.70582 0.256712 0.957386 
1.27865 2.2528 1.19261 0.986028 
2.57241 9.38364 0.1274 1.06673 
9.90184 14.2106 0.128404 0.723734 
1.6569 6.69098 0.100335 0.631473 
13.0543 16.6555 0.120901 1.06102 
9.54316 6.49995 0.101113 0.881972 
1.4832 7.22556 0.0419379 0.195072 
6.49404 5.31884 0.035799 0.772452 
13.8837 12.3129 0.103586 1.27934 
11.305 7.47153 0.134445 0.364552 
5.56547 8.38239 0.0722291 0.57546 
1.2257 5.75764 0.12098 0.283547 
5.83917 8.81358 0.278947 1.19971 
5.30632 10.3717 0.0827593 0.932772 
2.98293 2.00143 0.0554104 0.556688 
3.33734 2.38187 0.356553 0.95044 
2.0762 2.87358 0.590151 0.924773 
3.12722 3.29506 0.22252 1.05639 
5.93857 27.2092 0.360579 1.2549 
1.78013 1.78727 0.263656 0.837308 
5.44096 6.58307 0.0705318 0.482371 
5.18381 8.51375 0.0922505 1.15194 
4.06558 5.29611 0.233928 0.803648 
5.13049 2.81822 0.0664993 0.559536 
1.74722 1.73011 0.0784071 0.759439 
1.47978 1.8901 0.0470595 0.529258 
15.8688 4.23215 0.230693 1.01223 
1.84658 1.13733 0.0995152 0.610986 
0.614496 2.41881 0.128966 0.224198 
1.29653 1.84203 0.107633 0.180521 
1.05502 1.31643 0.168231 0.373628 
0.932661 0.608714 0.0405155 0.0798728 
0.908726 1.98482 0.208658 0.550552 
2.66578 4.15485 0.755522 1.33824 
0.588177 0.636233 0.0458393 0.224477 
2.2493 4.60462 0.870528 1.06221 
2.81121 4.76901 0.119115 0.492705 
3.86122 1.9198 0.0515985 0.138994 
2.12513 2.06558 0.0622412 0.264123 
4.25456 4.85465 0.0510981 0.593985 
17.0476 10.1047 0.35045 1.20927 
3.24714 2.12692 0.043206 0.309639 
1.6613 1.35637 0.0692103 0.161289 
1.49106 3.43183 0.702788 1.26181 
5.71127 23.3494 0.0315012 0.516025 
10.2598 6.84446 0.04226 0.161726 
16.7267 24.5088 0.182649 1.50075 
2.0851 1.59689 0.277921 0.608422 
13.2917 13.7526 0.0782754 1.23613 
1.85369 3.85672 0.0405984 0.102097 
2.94816 4.3931 0.687297 1.11298 
10.2542 9.48971 0.0696946 0.860645 
1.15328 1.64546 0.0623525 0.244823 
0.718979 2.00539 0.161795 0.694619 
1.88554 13.5823 0.0724984 0.270061 
1.26078 1.91065 0.0374231 0.316334 
6.45449 4.08514 0.106798 0.298791 
2.6634 4.0046 0.104496 0.272621 
1.14177 1.36208 0.143965 0.713573 
7.15805 4.19873 0.0862012 0.543127 
2.85616 8.56488 0.0997729 0.311914 
4.45582 13.5112 0.253191 1.17879 
8.67677 16.3049 0.162972 1.24904 
13.7333 7.65956 0.169202 1.48803 
2.81456 5.7883 0.0701126 0.990462 
4.5918 4.98675 0.119574 0.216483 
7.32392 3.71064 0.0787449 0.28771 
1.00677 1.44447 0.301331 0.500639 
1.45729 2.25673 0.096282 1.24748 
3.05842 4.17513 0.47098 1.01491 
2.81567 2.39743 0.0743684 0.202514 
10.6214 5.54522 0.0995546 0.284256 
0.964202 1.01431 0.261215 0.545086 
1.76295 1.40483 0.0459757 0.290736 
3.55918 5.57187 0.109364 0.35233 
3.18044 2.54739 0.120684 0.601449 
1.22764 2.69354 0.0554329 0.0749153 
0.820691 0.521935 0.194514 0.21175 
7.97927 2.70149 0.190206 1.38956 
8.64715 9.10038 1.67576 2.93871 
1.6582 3.22165 0.147495 0.800632 
0.576974 11.065 0.148324 0.2084 
12.2405 6.8465 0.116031 0.330528 
0.336978 0.223679 0.116718 0.257275 
12.0762 7.81204 0.07113 1.3938 
6.70382 6.28957 0.0640768 0.35384 
8.44046 12.1205 0.149497 1.23568 
4.01304 3.29593 0.564878 1.32371 
4.14102 23.6186 0.164257 1.27998 
3.98394 7.60451 0.0893831 0.43707 
1.49887 2.63426 0.123641 0.962671 
0.66765 0.864061 0.167726 0.443977 
2.36244 2.52508 0.12181 1.05813 
2.38941 2.35914 0.121209 0.767656 
1.27886 2.2081 0.0731019 0.690718 
1.7804 4.59507 0.324792 1.04351 
1.82199 3.26265 0.0764339 0.998594 
1.54518 3.93232 0.0460557 0.162936 
5.95217 4.75673 0.160521 0.407533 
0.437214 1.22695 0.341806 0.14739 
2.71111 3.84066 0.429031 1.09683 
6.1922 4.80822 0.380945 1.0709 
1.64417 1.43104 0.116654 0.782101 
0.867653 1.31983 0.253488 0.623014 
0.824082 0.694107 0.0398263 0.172692 
8.23983 5.41317 0.301911 0.850052 
9.84594 14.155 0.153982 0.498213 
15.9293 10.6979 0.179121 0.948692 
2.62902 5.18922 0.0692888 0.77925 
0.872936 1.57187 0.34061 0.491545 
6.55575 2.33922 0.0477518 0.429714 
6.7301 7.38555 0.043493 1.02906 
10.6017 10.2758 0.0785762 0.277849 
2.07894 3.1595 0.0993724 0.40232 
0.79188 1.03508 0.617285 0.931075 
3.86258 18.4722 0.220217 1.06759 
0.913533 0.873694 0.06471 0.310525 
17.1884 5.85285 0.151613 0.605244 
9.93036 13.0216 0.0846493 0.758752 
15.0388 14.3612 0.227727 1.28602 
5.02028 6.7458 0.0617535 0.898067 
2.1589 4.33901 0.420726 1.20104 
10.7303 7.71224 0.14348 1.20649 
4.67755 7.59346 0.625993 1.55148 
11.0069 8.79275 0.250631 1.31073 
5.7405 3.03867 0.122541 0.787154 
5.14007 5.82287 0.120769 0.405649 
2.39221 15.5554 0.137549 1.10561 
9.10646 14.2191 0.246629 1.19619 
5.30878 16.3205 0.366065 1.56984 
21.5845 22.4017 0.157746 1.26009 
7.46133 3.29191 0.0870674 0.401813 
5.37864 2.15171 0.111077 0.722818 
2.88978 2.79649 0.0903515 0.635565 
8.70649 9.23718 0.117257 1.33142 
0.958874 4.83786 0.0492706 0.245853 
4.54168 3.39753 0.0596117 0.27096 
2.47713 2.502 0.0553609 0.534804 
2.49509 2.14402 0.337535 0.962961 
1.12195 1.1683 0.154556 0.619676 
12.1599 25.7084 0.242772 1.33909 
12.3884 14.2168 0.120867 1.17936 
4.78225 3.82305 0.424163 0.939795 
3.05835 3.5162 0.422008 0.68296 
3.62629 3.85309 0.631629 1.24895 
5.35459 6.9994 0.997424 1.06745 
8.05979 6.05145 0.105996 0.250526 
10.563 2.12245 0.136799 0.439707 
1.86687 1.71284 0.0724201 0.527193 
1.74079 4.45287 0.112213 0.243895 
14.3458 5.36629 0.151281 0.606133 
1.34993 4.21844 0.132602 0.229555 
5.54697 11.3196 0.17851 0.999044 
13.6411 2.80689 0.204014 0.740006 
18.3045 12.8242 0.222563 1.20997 
10.1775 4.30071 0.138942 0.27782 
1.24569 7.54159 0.076109 0.610992 
16.9742 8.59313 0.0565869 0.19209 
3.08827 13.7883 0.196558 1.05784 
2.75511 2.82389 0.0882411 0.344876 
11.9197 20.2936 0.0845466 0.486907 
3.32051 3.85813 0.0464716 0.263785 
8.61221 16.2782 0.139964 1.37133 
16.4004 10.2608 0.155578 0.87134 
2.83033 2.57377 0.222389 0.447465 
2.19589 2.13527 0.12601 0.536906 
5.0187 2.68201 0.117611 0.897672 
7.56804 8.83981 0.057924 0.749772 
4.62742 8.34484 0.176978 0.961292 
16.9032 21.647 0.129361 1.19697 
3.03692 3.35203 0.0550693 0.30513 
13.9258 6.83523 0.11475 1.00869 
1.32929 0.917711 0.0345217 0.228994 
2.07688 1.62686 0.43223 1.06184 
10.216 11.2533 0.223049 1.32719 
0.999879 1.08055 0.288458 0.26602 
3.71794 3.45843 0.196368 0.907387 
3.75902 7.54233 0.197493 1.36192 
3.2257 4.84008 0.125498 1.21589 
9.08523 18.9697 0.146739 1.10811 
2.24945 19.2933 0.0642223 0.231656 
3.09441 5.35089 0.100653 0.162444 
10.213 8.23418 0.137354 0.362701 
1.93327 4.23459 0.119897 0.620245 
13.3657 8.02254 0.117095 1.35654 
8.78798 5.09218 0.105397 1.38773 
8.69066 24.2576 0.0806463 0.241381 
1.22518 0.879111 0.0708395 0.380573 
1.67134 1.43359 0.300665 0.9817 
0.771234 1.76064 0.0840471 0.286821 
0.794209 1.2379 0.196611 0.132733 
0.202197 0.216688 0.0408521 0.0871043 
11.383 9.82674 0.0561754 0.692097 
0.836726 4.1226 0.138121 0.323598 
4.72728 4.3333 0.0732373 0.246275 
0.264093 0.272511 0.0856209 0.218972 
15.0015 9.49481 0.141655 0.451599 
7.58773 13.9317 0.167104 1.40193 
7.21119 5.98102 0.265856 1.61206 
5.5644 9.69336 0.0847289 0.670676 
7.26242 18.5388 0.144542 1.58586 
1.32908 1.55251 1.97291 1.24174 
3.34154 1.94094 0.351405 0.55612 
1.4107 0.967264 0.0446985 0.200208 
19.1092 8.59032 0.0920015 1.25147 
0.993788 1.73014 0.236233 0.330192 
4.16303 4.28812 0.20066 0.995619 
5.44013 7.28894 0.12166 1.36715 
1.78039 0.710764 0.119797 0.559753 
0.576679 1.18412 1.13782 0.809089 
0.780802 1.3767 0.0934361 0.963036 
6.96182 3.4912 0.154092 0.621348 
10.0792 10.5355 0.110083 1.12551 
11.7517 16.2936 0.135536 1.62425 
5.43247 5.85636 0.07532 1.32558 
4.81056 6.03315 0.0968858 1.17607 
0.90819 1.30417 0.0372071 0.0957857 
11.8859 7.1586 0.103912 0.640092 
9.74003 3.66263 0.0637214 0.325513 
3.41967 7.26814 0.102613 1.1715 
3.2638 2.18009 0.099168 0.852277 
14.3391 3.99764 0.17024 0.686701 
0.967862 6.27428 0.165468 0.617973 
0.998487 2.35692 0.739872 0.969778 
1.11378 2.52157 1.15874 0.998273 
9.19217 15.6217 0.112492 0.671441 
3.63982 2.98769 0.089053 0.306259 
1.93381 7.71713 0.361454 0.720167 
1.35052 5.96436 0.0568654 0.414427 
5.41958 3.27145 0.0953011 1.24823 
2.85279 5.95944 0.0963908 0.167471 
2.02035 3.61867 0.0577448 0.514354 
6.87007 7.08193 0.164963 1.11479 
6.23208 9.26948 0.0875473 0.839292 
8.31622 20.8997 0.849259 1.49185 
0.767192 1.12852 0.116655 0.432093 
3.21311 4.922 0.152037 0.90693 
11.4767 5.36382 0.128996 0.69078 
10.5522 16.4437 0.0573361 0.351588 
2.9353 4.42479 0.0651574 0.952792 
4.58277 14.3606 0.260822 1.38557 
4.0995 7.15742 0.0906679 1.18159 
8.45686 8.06506 0.113663 1.06174 
0.604681 0.586482 0.139597 0.460046 
5.3231 3.3499 0.0709041 1.03582 
2.18558 2.64228 0.0913487 0.752885 
4.38845 10.0312 0.03358 0.39568 
2.22562 4.71926 0.114737 0.492028 
5.24088 17.3924 0.134411 0.743848 
12.1872 17.6488 0.0846459 1.24253 
2.66165 5.54526 0.16019 0.930786 
1.55858 1.2073 0.05735 0.297787 
4.63252 5.56607 0.0886626 0.507837 
7.50667 2.71198 0.32114 1.10928 
1.79243 3.0008 0.0996047 0.499969 
2.13113 2.72165 0.0484483 0.537573 
2.45338 2.8248 1.21151 1.36387 
3.48689 2.61321 1.20241 1.52195 
8.93941 5.97707 0.201971 0.791448 
9.07027 3.17876 0.0601956 0.222981 
6.50685 13.6155 0.195084 1.95054 
10.2691 5.46135 0.14997 0.814446 
7.62387 4.52488 0.0921134 0.850531 
0.28374 0.294428 0.050254 0.206948 
0.568862 0.632654 0.0576064 0.153558 
1.25184 1.37727 0.0852919 0.23624 
1.10844 1.11655 0.118555 0.561523 
0.908464 0.749064 0.0625464 0.430414 
2.13698 1.7498 0.0867518 0.271528 
1.56902 1.15185 0.190191 0.752728 
13.6996 29.2705 0.129317 0.754957 
2.48099 1.77584 0.200665 0.430168 
4.2328 9.53846 0.0343558 0.173329 
12.3881 13.7911 0.0816804 1.52427 
4.25314 6.69105 0.206082 1.09402 
15.5421 2.4097 0.0557724 0.336438 
1.98959 3.1252 0.117098 1.15248 
6.34861 4.1557 0.0398822 0.708335 
3.01943 2.63152 0.178324 0.956905 
3.25529 2.43441 0.0946909 0.646403 
2.94496 1.9346 0.0600907 0.628926 
1.86842 10.8818 0.0913312 1.4919 
3.54355 8.5167 0.0860615 1.24219 
2.11758 2.70965 0.235326 1.20347 
2.65935 8.04617 0.139193 1.23252 
0.471769 0.664131 0.149387 0.463417 
1.71684 9.18118 0.0794535 0.938188 
8.54922 5.79219 0.148381 0.657709 
4.87787 4.74619 0.102244 0.553325 
4.68794 7.98351 0.213669 0.879904 
14.5855 7.01321 0.157704 0.655703 
10.055 8.83809 0.113147 1.20194 
1.66998 1.68523 0.108552 0.347976 
1.9489 2.29034 0.0702089 0.183614 
0.337731 0.493187 0.0998161 0.545114 
0.846874 0.814892 0.0313329 0.161507 
7.78041 9.11707 0.204865 0.540137 
14.3598 5.48422 0.0292806 0.18784 
2.49544 2.44108 0.101202 0.298679 
7.72179 9.00208 0.10235 1.01626 
0.775343 18.135 0.0399903 0.151646 
1.15606 3.01713 0.0350969 0.0863912 
6.85474 10.6572 0.268663 1.11182 
4.51921 11.5125 0.0780389 0.216107 
0.866918 3.14123 0.168444 0.458597 
11.2876 11.9211 0.0293547 0.137264 
11.3846 5.6673 0.112431 0.728701 
1.05935 4.006 0.0425065 0.193559 
8.00325 16.2028 0.0950592 0.552574 
0.707051 2.79967 0.114045 0.62492 
14.2055 7.12341 0.105231 0.729313 
17.034 5.86093 0.265386 0.958432 
0.943001 1.35077 0.112924 0.719511 
0.835544 0.926508 0.0556684 0.341529 
11.1512 19.0096 0.194345 1.56662 
3.15181 2.35837 0.138965 0.87165 
10.6557 3.37578 0.332345 0.883034 
1.12189 8.26228 0.251135 1.73787 
5.28425 3.60118 0.0588292 0.615408 
3.56626 8.3882 0.78713 1.2909 
0.526122 0.405468 0.0550964 0.276112 
7.01121 5.30309 0.0773419 1.10354 
4.58229 1.79318 0.204927 0.915075 
4.87838 3.40346 0.251259 0.58937 
8.59265 7.53321 0.0934104 1.04783 
0.884919 8.83819 0.136233 0.883779 
10.6402 12.5369 0.216935 1.06231 
10.6379 11.2558 0.0578258 0.659462 
3.20631 2.04282 0.11097 0.339584 
3.50075 5.63541 0.269901 1.05647 
1.49085 1.04069 0.0341879 0.152234 
3.98079 4.54618 0.112835 0.213226 
1.88064 6.29609 0.0869812 0.331857 
1.11955 3.17963 3.03326 0.595908 
1.04752 1.30925 1.37316 0.942662 
1.95463 1.7799 0.378898 0.63038 
1.56299 1.58021 0.0906655 0.672927 
0.788771 0.431499 0.0881388 0.186417 
1.66257 9.53309 0.0739205 0.1324 
0.719033 18.8588 0.0537513 0.901854 
7.41085 2.727 0.164938 0.535372 
3.95521 10.2024 0.235995 1.04707 
6.18839 8.29552 0.108833 0.545051 
17.9565 9.97391 0.401931 1.26955 
2.19571 4.72203 0.107956 0.690401 
0.654871 0.520802 0.18934 0.529375 
1.08541 1.56689 0.282326 0.987662 
4.13341 1.09758 0.0433138 0.290794 
4.99256 3.9633 0.0964848 1.08157 
1.43996 1.37477 0.0939921 0.359219 
5.91353 9.92019 0.137403 1.08868 
7.18946 8.62777 0.17709 1.17377 
18.4644 12.3399 0.126736 1.42214 
7.69762 10.0103 0.221875 1.48126 
3.36596 5.42016 0.112388 1.24326 
1.26656 2.72201 0.120073 0.319237 
1.22623 2.39078 0.142789 0.553484 
12.7347 12.4868 0.408539 1.14318 
13.8428 10.3303 0.132401 0.809166 
1.9503 5.76241 0.0543219 0.408126 
5.53462 10.2662 0.047381 0.863892 
13.093 12.5211 0.113871 1.48865 
8.16179 10.8023 0.117953 1.01087 
0.832181 2.93783 0.0517448 0.237313 
11.9849 5.31894 0.179434 0.661148 
6.94206 7.61911 0.271944 1.09529 
11.1754 4.28003 0.081022 0.499977 
8.33375 9.25127 0.0430218 0.230394 
6.51035 7.79616 0.126215 1.05757 
3.03649 5.105 0.172987 0.494374 
1.85119 1.74629 0.654779 0.824951 
1.72291 1.96806 0.314313 1.04221 
0.949507 4.92782 0.0376984 0.14562 
0.450216 2.97613 0.103319 0.257073 
11.0307 13.8819 0.230226 1.0678 
2.41223 2.66582 0.0801544 0.262729 
13.2985 6.47658 0.086249 0.353384 
5.35682 5.87312 0.0666283 0.255214 
16.5723 6.98499 0.103972 0.958709 
16.7134 9.23567 0.0663404 0.505468 
3.33706 9.74125 0.376265 0.901481 
1.28608 1.42706 0.0923267 0.693205 
8.10875 4.18499 0.0568244 0.593937 
13.5811 30.3786 0.0855542 1.18283 
1.39747 2.25843 0.286075 1.27182 
8.66482 3.93132 0.0951066 0.281294 
7.0422 8.51083 0.0604116 0.268457 
9.5797 12.4093 0.195062 1.19408 
15.4727 5.75314 0.0995839 0.688022 
7.28836 10.9771 0.110646 1.14813 
2.7404 11.1486 0.123759 1.02567 
1.23198 4.34062 0.113596 0.261525 
4.72941 9.6398 0.126391 0.482809 
14.2945 25.5188 0.161148 0.963017 
9.59864 1.91421 0.189462 0.707435 
9.05841 6.49252 0.15963 0.910062 
3.17684 1.25247 0.0600226 0.148712 
0.70828 1.12392 1.1763 0.573185 
0.487542 0.502068 0.242969 0.471529 
3.53111 2.75728 0.274622 1.14537 
5.60495 7.0856 0.343183 1.34223 
1.94752 5.4672 0.107014 0.99607 
6.48744 10.347 0.0719285 0.912972 
11.4948 8.3789 0.222522 1.76544 
12.0259 18.3781 0.183256 1.23552 
18.6449 12.6223 0.12807 1.12497 
11.431 10.6871 0.129355 1.06625 
17.6756 9.61276 0.0768502 1.17406 
11.1957 7.06379 0.118384 1.2169 
14.7955 2.61464 0.1007 0.270282 
4.67097 22.414 0.207007 1.24978 
4.4154 4.18442 0.283858 1.11797 
5.10843 17.7867 0.0986966 1.0503 
3.24393 2.58881 0.159324 1.02331 
3.78431 4.8159 0.0428452 0.302978 
1.19802 2.87822 0.0578452 0.382087 
10.3085 5.52238 0.0852054 0.301787 
7.25306 5.6249 0.13711 1.00451 
10.3324 18.5737 0.181154 0.925154 
0.666853 4.02121 0.103721 0.207901 
10.9015 6.20125 0.14858 0.59433 
3.64836 6.0782 0.113535 0.621358 
1.9632 8.33694 0.0853304 1.35824 
1.89076 3.72061 0.0925964 1.05431 
7.05847 15.0291 0.137288 1.37996 
2.46006 4.03821 0.0491888 0.198022 
0.824969 6.81278 0.052494 0.137027 
1.12878 0.646212 0.114639 0.195671 
0.74943 0.527306 0.0635659 0.256138 
3.71003 12.0626 0.404198 1.15698 
14.3898 3.29085 0.161312 0.643397 
16.4325 4.63649 0.135285 0.904072 
4.80044 2.32796 0.0374025 0.640093 
4.06582 3.82563 0.196395 1.13492 
1.70546 2.00874 0.404877 0.818845 
10.908 15.041 0.258522 1.63769 
2.11666 2.68555 0.179379 0.768985 
6.98701 8.22628 0.131143 0.559227 
2.71864 2.06621 1.77293 0.34235 
2.0502 2.63147 0.597279 1.10726 
1.17251 0.178035 0.0781648 0.169558 
5.45653 12.6431 0.120126 1.28183 
12.8193 24.08 0.0879302 0.558212 
0.590304 2.11565 0.158278 0.990301 
23.4382 5.19971 0.126387 0.936951 
12.4268 6.17703 0.0974346 1.00502 
10.9214 3.04653 0.149947 1.31273 
1.67977 4.37758 0.184471 0.893318 
12.6432 12.0211 0.0433399 0.179405 
7.61804 10.1995 0.109495 0.72782 
9.07506 4.43525 0.104183 0.301994 
14.4696 18.1031 0.104473 0.190908 
7.52622 9.35832 0.0844486 0.373733 
6.25641 3.0311 0.0864029 0.233795 
7.03637 5.42832 0.260292 0.841412 
7.77542 4.89111 0.198049 0.690978 
0.854488 4.08573 0.054707 0.155841 
11.7337 3.33265 0.184256 0.720363 
4.31955 8.18141 0.138502 0.463874 
14.1459 3.20853 0.0682492 1.09687 
6.30938 2.59057 0.177097 0.522993 
15.9113 3.86749 0.157496 0.658363 
2.08273 13.8138 0.0785052 1.12404 
9.79467 15.2686 0.156115 1.64147 
7.28835 7.70205 0.119935 1.12759 
0.914834 2.08004 0.060584 0.138083 
11.9598 4.9749 0.0770369 0.725487 
11.5804 6.96913 0.267636 1.19933 
1.05367 3.37282 0.110615 0.296932 
0.495459 0.870891 0.448481 0.573999 
2.25206 2.32684 0.119669 0.348303 
1.28376 1.31019 0.131785 0.680626 
10.7561 3.52796 0.0514959 0.262006 
1.78714 6.46146 0.0838431 0.328663 
2.04437 3.17621 0.166569 0.969898 
7.42302 5.46997 0.101957 0.88274 
0.89269 5.46067 0.220121 0.688378 
5.32904 10.8245 0.113796 0.319506 
1.07059 6.61225 0.0422824 0.100282 
9.9011 5.46127 0.0632566 0.451768 
5.93182 7.01978 0.169744 1.04117 
1.60213 4.84094 0.129304 0.311579 
0.454434 0.614102 0.0808976 0.270016 
12.4211 2.78228 0.0995305 0.340111 
15.5412 5.3426 0.154343 0.900968 
2.97301 7.12542 0.0844672 0.288584 
1.11997 4.12954 0.147219 0.537708 
2.47127 4.20404 0.133848 0.266744 
1.98241 6.92176 0.221763 0.373066 
1.21094 5.0416 0.0903313 0.351883 
5.64721 5.71194 0.0539779 0.31154 
10.3435 6.18162 0.101904 0.56966 
5.29749 5.61512 0.112082 0.550675 
1.24764 9.43391 0.138392 0.0578122 
3.36806 18.9881 0.180986 1.27085 
0.767298 2.15199 0.241243 0.694991 
1.28133 2.67354 0.180446 0.758308 
1.28118 4.68856 0.207945 0.919663 
2.96705 8.10805 0.0457109 0.258061 
1.07808 3.93656 0.168388 0.428732 
0.690231 2.31857 0.148464 0.321374 
1.18851 4.65819 0.133451 0.337167 
0.710056 2.00154 0.144837 0.157369 
0.870672 3.30236 0.168747 0.267692 
2.7472 10.7601 0.0842439 0.348712 
8.47423 3.02244 0.0794586 0.575363 
0.508561 3.4572 0.349436 0.231195 
0.904995 1.22491 0.0967088 0.311457 
7.94844 7.05234 0.135717 0.677206 
1.31671 7.06511 0.0443875 0.074062 
1.15185 5.14451 0.0299622 0.158401 
1.51766 5.47503 0.029373 0.0692674 
0.911346 9.60112 0.03761 0.0782437 
1.05048 6.39982 0.0392117 0.0675271 
0.675016 5.56293 0.0834479 0.295728 
0.887902 3.24629 0.0741944 0.167116 
0.989361 8.06373 0.175381 0.652291 
2.52279 3.06271 0.0917894 0.222667 
5.0279 14.9264 0.103364 1.23473 
0.753535 1.46826 0.117873 0.280125 
8.07687 10.103 0.116876 0.402721 
0.850492 4.36543 0.0849195 0.22396 
0.851121 3.61919 0.0263681 0.0782474 
18.0981 12.907 0.0414733 0.572473 
0.932607 2.27487 0.107286 0.206906 
1.46872 3.93854 0.0741311 0.358844 
9.36008 5.46018 0.059558 0.316221 
2.23637 3.66884 0.0973974 0.281396 
4.08697 10.1595 0.115912 1.30624 
2.96866 10.702 0.25178 0.579011 
0.987555 5.78669 0.0830612 0.124652 
15.4478 5.14488 0.0821982 0.662856 
2.25683 4.58323 0.144672 0.618507 
2.78989 5.66655 0.159072 0.933705 
14.19 4.8224 0.112322 0.568858 
11.6502 5.77392 0.0750039 1.06943 
9.86632 12.3659 0.0576271 0.182545 
1.67996 16.587 0.150568 0.147162 
3.01507 3.31427 0.0668038 0.17325 
1.79142 14.4101 0.160929 0.734254 
2.31251 2.00692 0.0559718 0.492128 

