0 1 1 1 
0 1 1 1 
0 1 1 1 
0 1 1 1 
0 1 1 1 
0 1 1 1 
0 1 1 1 
0 1 1 1 
0 1 1 1 
0 1 1 1 
0 1 1 1 
0 1 1 1 
0 1 1 1 
0 1 1 1 
0 1 1 1 
0 1 1 1 
0 1 1 1 
0 1 1 1 
0 1 1 1 
0 1 1 1 
0 1 1 1 
0 1 1 1 
0 1 1 1 
0 1 1 1 
0 1 1 1 
0 1 1 1 
0 1 1 1 
0 1 1 1 
0 1 1 1 
0 1 1 1 
0 1 1 1 
0 1 1 1 
0 1 1 1 
0 1 1 1 
0 1 1 1 
0 1 1 1 
0 1 1 1 
0 1 1 1 
0 1 1 1 
0 1 1 1 
0 1 1 1 
0 1 1 1 
0 1 1 1 
0 1 1 1 
0 1 1 1 
0 1 1 1 
0 1 1 1 
0 1 1 1 
0 1 1 1 
0 1 1 1 
0 1 1 1 
0 1 1 1 
0 1 1 1 
0 1 1 1 
0 1 1 1 
0 1 1 1 
0 1 1 1 
0 1 1 1 
0 1 1 1 
0 1 1 1 
0 1 1 1 
0 1 1 1 
0 1 1 1 
0 1 1 1 
0 1 1 1 
0 1 1 1 
0 1 1 1 
0 1 1 1 
0 1 1 1 
0 1 1 1 
0 1 1 1 
0 1 1 1 
0 1 1 1 
0 1 1 1 
0 1 1 1 
0 1 1 1 
0 1 1 1 
0 1 1 1 
0 1 1 1 
0 1 1 1 
0 1 1 1 
0 1 1 1 
0 1 1 1 
0 1 1 1 
0 1 1 1 
0 1 1 1 
0 1 1 1 
0 1 1 1 
0 1 1 1 
0 1 1 1 
0 1 1 1 
0 1 1 1 
0 1 1 1 
0 1 1 1 
0 1 1 1 
0 1 1 1 
0 1 1 1 
0 1 1 1 
0 1 1 1 
0 1 1 1 
0 1 1 1 
0 1 1 1 
0 1 1 1 
0 1 1 1 
0 1 1 1 
0 1 1 1 
0 1 1 1 
0 1 1 1 
0 1 1 1 
0 1 1 1 
0 1 1 1 
0 1 1 1 
0 1 1 1 
0 1 1 1 
0 1 1 1 
0 1 1 1 
0 1 1 1 
0 1 1 1 
0 1 1 1 
0 1 1 1 
0 1 1 1 
0 1 1 1 
0 1 1 1 
0 1 1 1 
0 1 1 1 
0 1 1 1 
0 1 1 1 
0 1 1 1 
0 1 1 1 
0 1 1 1 
0 1 1 1 
0 1 1 1 
0 1 1 1 
0 1 1 1 
0 1 1 1 
0 1 1 1 
0 1 1 1 
0 1 1 1 
0 1 1 1 
0 1 1 1 
0 1 1 1 
0 1 1 1 
0 1 1 1 
0 1 1 1 
0 1 1 1 
0 1 1 1 
0 1 1 1 
0 1 1 1 
0 1 1 1 
0 1 1 1 
0 1 1 1 
0 1 1 1 
0 1 1 1 
0 1 1 1 
0 1 1 1 
0 1 1 1 
0 1 1 1 
0 1 1 1 
0 1 1 1 
0 1 1 1 
0 1 1 1 
0 1 1 1 
0 1 1 1 
0 1 1 1 
0 1 1 1 
0 1 1 1 
0 1 1 1 
0 1 1 1 
0 1 1 1 
0 1 1 1 
0 1 1 1 
0 1 1 1 
0 1 1 1 
0 1 1 1 
0 1 1 1 
0 1 1 1 
0 1 1 1 
0 1 1 1 
0 1 1 1 
0 1 1 1 
0 1 1 1 
0 1 1 1 
0 1 1 1 
0 1 1 1 
0 1 1 1 
0 1 1 1 
0 1 1 1 
0 1 1 1 
0 1 1 1 
0 1 1 1 
0 1 1 1 
0 1 1 1 
0 1 1 1 
0 1 1 1 
0 1 1 1 
0 1 1 1 
0 1 1 1 
0 1 1 1 
0 1 1 1 
0 1 1 1 
0 1 1 1 
0 1 1 1 
0 1 1 1 
0 1 1 1 
0 1 1 1 
0 1 1 1 
0 1 1 1 
0 1 1 1 
0 1 1 1 
0 1 1 1 
0 1 1 1 
0 1 1 1 
0 1 1 1 
0 1 1 1 
0 1 1 1 
0 1 1 1 
0 1 1 1 
0 1 1 1 
0 1 1 1 
0 1 1 1 
0 1 1 1 
0 1 1 1 
0 1 1 1 
0 1 1 1 
0 1 1 1 
0 1 1 1 
0 1 1 1 
0 1 1 1 
0 1 1 1 
0 1 1 1 
0 1 1 1 
0 1 1 1 
0 1 1 1 
0 1 1 1 
0 1 1 1 
0 1 1 1 
0 1 1 1 
0 1 1 1 
0 1 1 1 
0 1 1 1 
0 1 1 1 
0 1 1 1 
0 1 1 1 
0 1 1 1 
0 1 1 1 
0 1 1 1 
0 1 1 1 
0 1 1 1 
0 1 1 1 
0 1 1 1 
0 0.0005 1 1 
0 0 1 1 
0 0.001 1 1 
0 0.0005 1 1 
0 0.001 1 1 
0 0.001 1 1 
0 0.0015 1 1 
0 0 1 1 
0 0.001 1 1 
0 0.0005 1 1 
0 0.0085 1 1 
0 0.0005 1 1 
0 0 1 1 
0 0 1 1 
0 0 1 1 
0 0.0015 1 1 
0 0.001 1 1 
0 0.0215 1 1 
0 0.0035 1 1 
0 0 1 1 
0 0.001 1 1 
0 0.002 1 1 
0 0.001 1 1 
0 0.0005 1 1 
0 0.006 1 1 
0 0.0005 1 1 
0 0.0005 1 1 
0 0 1 1 
0 0.0025 1 1 
0 0.0075 1 1 
0 0.0005 1 1 
0 0.001 1 1 
0 0.0005 1 1 
0 0.0045 1 1 
0 0.0005 1 1 
0 0 1 1 
0 0.003 1 1 
0 0.039 1 1 
0 0.0025 1 1 
0 0.0015 1 1 
0 0.0005 1 1 
0 0 1 1 
0 0 1 1 
0 0.001 1 1 
0 0 1 1 
0 0 1 1 
0 0.0005 1 1 
0 0.0005 1 1 
0 0 1 1 
0 0 1 1 
0 0 1 0.001 
0 0.0005 1 0.0005 
0 0.0005 1 0 
0 0.0005 1 0 
0 0.001 1 0.019 
0 0.001 1 0.001 
0 0.009 1 0.001 
0 0.064 1 0.001 
0 0 1 0.001 
0 0.0005 1 0.0005 
0 0 1 0 
0 0.007 1 0.0005 
0 0 1 0.0005 
0 0.0005 1 0.0015 
0 0 1 0 
0 0.0005 1 0 
0 0.001 1 0.001 
0 0.001 1 0.001 
0 0.0005 1 0 
0 0.0025 1 0 
0 0.0005 1 0.001 
0 0.0005 1 0.001 
0 0.0005 1 0.0005 
0 0 1 0 
0 0.003 1 0.001 
0 0 1 0 
0 0 1 0.0025 
0 0.0005 1 0 
0 0.0005 1 0.0445 
0 0.004 1 0.0015 
0 0 1 0.0005 
0 0 1 0.0005 
0 0.0005 1 0.002 
0 0 1 0.0015 
0 0.002 1 0.001 
0 0.001 1 0.001 
0 0.0005 1 0.001 
0 0.0005 1 0 
0 0.0015 1 0.004 
0 0.0005 1 0.001 
0 0 1 0.0005 
0 0 1 0.0005 
0 0.0005 1 0.001 
0 0.007 1 0.0005 
0 0 1 0 
0 0 1 0.002 
0 0.0005 1 0.0005 
0 0 1 0.0005 
0 0 1 0.002 
0 0 1 0 
0 0.0015 1 0.0005 
0 0.001 1 0.0005 
0 0.001 1 0.0005 
0 0 1 0.0005 
0 0.0015 1 0.001 
0 0.0005 1 0 
0 0 1 0.001 
0 0.0275 1 0.0005 
0 0.001 1 0 
0 0.0015 1 0.013 
0 0.0005 1 0.001 
0 0 1 0 
0 0.0015 1 0 
0 0.0535 1 0.0005 
0 0 1 0.0005 
0 0.0045 1 0.001 
0 0.0025 1 0 
0 0.0005 1 0 
0 0 1 0 
0 0.0005 1 0.0005 
0 0.004 1 0.0005 
0 0 1 0.0025 
0 0.0015 1 0.0015 
0 0.0085 1 0.0035 
0 0 1 0.002 
0 0.007 1 0.0025 
0 0 1 0.0005 
0 0 1 0 
0 0.001 1 0.0565 
0 0.0035 1 0.0005 
0 0 1 0 
0 0.001 1 0.0005 
0 0.0015 1 0.001 
0 0.0005 1 0.001 
0 0.0005 1 0.001 
0 0.0025 1 0.0005 
0 0.002 1 0.0065 
0 0.0075 1 0.001 
0 0.0005 1 0.0005 
0 0.0425 1 0.0435 
0 0.0005 1 0.001 
0 0.0005 1 0.001 
0 0.006 1 0 
0 0.0005 1 0.0045 
0 0.017 1 0.003 
0 0.0005 1 0 
0 0 1 0.001 
0 0.0125 1 0.001 
0 0.0025 1 0 
0 0 1 0.0005 
0 0.0005 1 0.0035 
0 0.3185 1 0 
0 0 1 0.0025 
0 0 1 0.001 
0 0.0005 1 0.0005 
0 0.001 1 0.0055 
0 0.0005 1 0 
0 0.007 1 0.0015 
0 0.0005 1 0.006 
0 0.001 1 0 
0 0.0005 1 0 
0 0.004 1 0.0025 
0 0.0005 1 0.009 
0 0.0015 1 0.044 
0 0 1 0.0005 
0 0.006 1 0.001 
0 0.0035 1 0.031 
0 0.001 1 0.025 
0 0.042 1 0.0005 
0 0.0005 1 0.001 
0 0 1 0.0005 
0 0.0005 1 0.0005 
0 0.001 1 0 
0 0.0005 1 0.002 
0 0 1 0.0015 
0 0.001 1 0 
0 0.0035 1 0 
0 0 1 0 
0 0.0005 1 0.0175 
0 0.0005 1 0.006 
0 0.0015 1 0.002 
0 0 1 0 
0 0.0035 1 0.001 
0 0 1 0 
0 0 1 0.0005 
0 0.0005 1 0.0035 
0 0 1 0.0005 
0 0.0005 1 0.002 
0 0.0005 1 0.0005 
0 0.0005 1 0.0005 
0 0 1 0.0005 
0 0 1 0.0005 
0 0 1 0.0025 
0 0.0055 1 0.0015 
0 0.006 1 0.002 
0 0 1 0 
0 0.0025 1 0 
0 0.0005 1 0.001 
0 0 1 0 
0 0.0005 1 0.0005 
0 0.001 1 0 
0 0.0005 1 0.0005 
0 0.0015 1 0.0085 
0 0.0005 1 0.001 
0 0.0005 1 0.0005 
0 0 1 0.003 
0 0.0015 1 0.0045 
0 0 1 0 
0 0.004 1 0.0045 
0 0.0015 1 0.007 
0 0.0005 1 0.0005 
0 0.001 1 0 
0 0 1 0 
0 0.0055 1 0.001 
0 0.022 1 0.004 
0 0.001 1 0 
0 0 1 0.001 
0 0 1 0.001 
0 0.0005 1 0 
0 0.001 1 0.0015 
0 0.0005 1 0.001 
0 0.0035 1 0.0085 
0 0.002 1 0.0005 
0 0.0005 1 0 
0 0.0005 1 0.0005 
0 0.002 1 0.011 
0 0.0025 1 0.0025 
0 0.0065 1 0 
0 0.001 1 0.0065 
0 0 1 0 
0 0.0005 1 0.0005 
0 0.001 1 0.001 
0 0 1 0 
0 0.0005 1 0.0015 
0 0 1 0.0005 
0 0 1 0 
0 0 1 0.0005 
0 0.0045 1 0 
0 0 1 0.0005 
0 0.0005 1 0.0005 
0 0 1 0.002 
0 0.006 1 0 
0 0.0025 1 0.0005 
0 0 1 0 
0 0.0005 1 0.0005 
0 0.007 1 0.0175 
0 0.0025 1 0.001 
0 0.003 1 0 
0 0 1 0.001 
0 0 1 0.0015 
0 0 0.0005 0.0005 
0 0.0005 0.0015 0.0025 
0 0.0045 0.0005 0 
0 0 0.001 0.014 
0 0.0005 0 0.003 
0 0 0 0.001 
0 0.0005 0.0005 0.0055 
0 0.0005 0.007 0.0005 
0 0.001 0.001 0.0005 
0 0.0005 0 0.005 
0 0.0015 0.0005 0.0005 
0 0.0005 0 0.001 
0 0 0.014 0 
0 0.0005 0 0.001 
0 0.002 0 0 
0 0.001 0.0005 0.001 
0 0 0 0.0005 
0 0.0005 0.0015 0.0015 
0 0.0025 0.001 0 
0 0.055 0.0005 0.001 
0 0.0005 0.001 0.001 
0 0.001 0.002 0 
0 0.001 0.0005 0.0015 
0 0 0.0025 0.0005 
0 0.001 0 0.0005 
0 0 0.001 0 
0 0 0 0 
0 0.0005 0 0 
0 0.001 0.0005 0.002 
0 0.0025 0.001 0.001 
0 0.0005 0.0015 0 
0 0 0.0015 0 
0 0.001 0 0.001 
0 0.0005 0.003 0.001 
0 0 0.0005 0 
0 0 0 0.001 
0 0 0 0 
0 0.0005 0.0005 0 
0 0.0025 0 0 
0 0 0.004 0.0005 
0 0.003 0.002 0.001 
0 0 0 0 
0 0 0.0005 0.001 
0 0.0005 0.0075 0.0005 
0 0.0015 0.007 0 
0 0.001 0.0005 0.0005 
0 0 0.0085 0 
0 0 0.0015 0.001 
0 0.0005 0.0015 0.0015 
0 0 0.0075 0.0005 
0 0 0.0015 0.0005 
0 0 0.0005 0 
0 0 0.0005 0.0005 
0 0.001 0.001 0.009 
0 0.0005 0.001 0.005 
0 0.001 0.0005 0.0005 
0 0.002 0.0015 0.001 
0 0 0.0005 0.0005 
0 0.001 0.01 0.0005 
0 0 0.0005 0 
0 0.0005 0.0005 0.001 
0 0.0005 0.0055 0.0005 
0 0 0.0005 0.0005 
0 0 0.0005 0.011 
0 0 0.0015 0.002 
0 0.0015 0 0.003 
0 0 0.002 0.0005 
0 0.0055 0.0005 0.0005 
0 0 0 0.001 
0 0.0005 0 0.0005 
0 0 0.001 0.001 
0 0.003 0.0005 0.0015 
0 0.0005 0 0.001 
0 0 0.0005 0.0015 
0 0.005 0.0025 0 
0 0 0.001 0 
0 0.0045 0 0.0005 
0 0 0.0005 0 
0 0.002 0.004 0.0005 
0 0.0055 0 0 
0 0.0005 0.0005 0.003 
0 0 0 0.0005 
0 0 0.014 0.001 
0 0.0005 0.001 0.0015 
0 0.0005 0.001 0.001 
0 0.0005 0.0025 0.007 
0 0 0 0.004 
0 0 0.001 0.0005 
0 0.0005 0.0085 0.0005 
0 0.004 0.0005 0.008 
0 0.0005 0.0005 0.008 
0 0 0 0.001 
0 0.001 0.0005 0.358 
0 0.0005 0.001 0.0005 
0 0.001 0.0005 0.002 
0 0.002 0.004 0 
0 0.0015 0.001 0 
0 0.0035 0.0055 0.001 
0 0.0005 0.013 0.0005 
0 0.0005 0.0005 0.0005 
0 0.0005 0.0135 0 
0 0.005 0 0.0005 
0 0.001 0.001 0.005 
0 0.0025 0 0.001 
0 0.001 0 0 
0 0 0.001 0.001 
0 0.005 0.001 0.001 
0 0.0005 0 0 
0 0.0005 0.014 0 
0 0 0 0 
0 0.001 0.0005 0 
0 0 0.0015 0.0015 
0 0 0.0005 0.0015 
0 0 0 0 
0 0.0005 0.001 0.001 
0 0.0005 0 0.0005 
0 0.001 0.0005 0.002 
0 0.0005 0.004 0.0005 
0 0.001 0.009 0.016 
0 0.0035 0.0005 0.002 
0 0.002 0.0155 0.0015 
0 0.0015 0.0005 0.0005 
0 0.0035 0 0.0005 
0 0 0.001 0.0015 
0 0.0005 0 0.0005 
0 0.0005 0.008 0.0005 
0 0.0005 0.0005 0.0005 
0 0.001 0.0005 0 
0 0.0155 0.0005 0.0005 
0 0.01 0.0005 0 
0 0 0.001 0 
0 0 0.0045 0 
0 0.001 0.0005 0.0015 
0 0 0 0.0015 
0 0.0025 0.0005 0 
0 0.001 0.001 0 
0 0.0055 0 0.0015 
0 0.0015 0.002 0.004 
0 0 0 0.0005 
0 0.0005 0.001 0.002 
0 0.0005 0.0005 0.0005 
0 0.0005 0 0.0025 
0 0.001 0 0.001 
0 0.004 0.003 0.0005 
0 0.0005 0 0.0005 
0 0.0035 0.0005 0.0015 
0 0.004 0.0005 0.0005 
0 0 0.0015 0.001 
0 0 0.0005 0.001 
0 0.0005 0.002 0.0005 
0 0.0055 0.0015 0.0015 
0 0 0 0.0005 
0 0.0505 0.001 0.001 
0 0.0005 0.0075 0 
0 0 0 0.001 
0 0.005 0.002 0 
0 0 0.0025 0 
0 0 0 0.002 
0 0 0.0015 0 
0 0 0.0125 0.003 
0 0.0025 0.0015 0 
0 0.0005 0.0025 0 
0 0.002 0.0045 0 
0 0.0005 0.0005 0.005 
0 0.0005 0.001 0 
0 0.0905 0.002 0.0025 
0 0.001 0 0.001 
0 0 0 0.0005 
0 0.0065 0 0 
0 0 0.0005 0.0005 
0 0 0 0.001 
0 0.0005 0.0005 0 
0 0.0015 0.005 0.0015 
0 0.001 0.0115 0.0005 
0 0.001 0.0015 0.0005 
0 0.001 0.001 0 
0 0.0005 0 0 
0 0.005 0 0.0015 
0 0.001 0.0005 0.0015 
0 0 0.001 0.0005 
0 0 0.0005 0 
0 0.005 0.001 0 
0 0 0 0.0015 
0 0 0 0.0045 
0 0.0005 0.0015 0.001 
0 0 0.001 0.002 
0 0.001 0.0005 0.001 
0 0 0.003 0 
0 0 0.001 0.0005 
0 0 0.003 0.0005 
0 0.0045 0 0 
0 0.021 0.0005 0.0005 
0 0.0005 0 0.002 
0 0.0045 0.0005 0 
0 0.004 0.0005 0 
0 0.002 0 0 
0 0.012 0 0 
0 0.0015 0.0005 0.0005 
0 0.0065 0.0005 0.001 
0 0 0.0085 0 
0 0.0005 0 0 
0 0.0005 0 0.0235 
0 0.001 0 0 
0 0 0.0005 0.001 
0 0.001 0.0005 0.001 
0 0.001 0 0.001 
0 0.0155 0 0 
0 0.006 0.0005 0 
0 0.0005 0 0.0005 
0 0 0 0.0015 
0 0 0.002 0.0005 
0 0.001 0.001 0.01 
0 0.001 0.001 0.001 
0 0.001 0.0005 0.001 
0 0 0.001 0 
0 0.005 0.0005 0.017 
0 0 0 0 
0 0 0.001 0.0015 
0 0 0 0.0005 
0 0 0.0075 0 
0 0 0.001 0.0015 
0 0.0005 0.001 0.0005 
0 0 0 0.008 
0 0.0035 0.0005 0.002 
0 0.0045 0.0035 0.0005 
0 0.0005 0.001 0.002 
0 0.0015 0.0005 0.002 
0 0.003 0 0.0005 
0 0.001 0.0005 0.001 
0 0 0.003 0 
0 0.0005 0.0195 0.002 
0 0.0015 0.0065 0 
0 0 0.001 0.0005 
0 0.004 0.0015 0.001 
0 0 0.0115 0.0005 
0 0.0035 0.001 0.001 
0 0.001 0.0005 0.001 
0 0.0005 0 0.0005 
0 0.0005 0 0 
0 0.0005 0.0015 0.0015 
0 0 0 0.001 
0 0 0.001 0.0005 
0 0.0005 0 0.0115 
0 0.001 0.003 0 
0 0.0005 0.0015 0.0015 
0 0 0.0005 0.001 
0 0.001 0.0005 0.003 
0 0.001 0 0.0005 
0 0 0.0005 0.001 
0 0.001 0 0.0005 
0 0.0005 0.0005 0.003 
0 0 0.001 0.001 
0 0.007 0.002 0 
0 0.0085 0 0 
0 0.006 0.001 0 
0 0.0005 0 0 
0 0.0005 0.0055 0.001 
0 0.0005 0 0.0015 
0 0.0005 0 0.0005 
0 0.001 0.001 0.0015 
0 0.0005 0.005 0.0005 
0 0 0 0.0005 
0 0.0015 0.0075 0.0005 
0 0 0 0.0015 
0 0.001 0.0005 0.0025 
0 0.0005 0.0005 0.0015 
0 0 0 0.001 
0 0.0015 0.0005 0.002 
0 0.0005 0 0 
0 0 0 0.0005 
0 0.0005 0 0.0005 
0 0 0.001 0.001 
0 0 0.0005 0.001 
0 0 0 0.0005 
0 0 0.0005 0.0005 
0 0.004 0 0 
0 0.001 0.001 0 
0 0.0015 0.0005 0.0025 
0 0.001 0.001 0 
0 0 0.003 0.0005 
0 0.001 0.0025 0 
0 0.004 0 0 
0 0.0005 0.0005 0.001 
0 0.0025 0.001 0.001 
0 0.004 0.0115 0.061 
0 0.0005 0 0.001 
0 0.0025 0 0.0055 
0 0 0.0005 0 
0 0 0.001 0.018 
0 0.001 0.0005 0.001 
0 0.0015 0 0.002 
0 0.001 0.001 0.001 
0 0.002 0.0015 0.0005 
0 0.0005 0.0005 0.0005 
0 0.0005 0 0.0015 
0 0.001 0.002 0.001 
0 0 0 0 
0 0.001 0 0.0025 
0 0 0.0055 0.0025 
0 0.0005 0.0005 0.0005 
0 0.001 0.001 0.0005 
0 0.0005 0.001 0.001 
0 0.0005 0.0015 0 
0 0.0005 0 0.0005 
0 0.001 0 0.0165 
0 0.0005 0.024 0.001 
0 0 0.001 0.006 
0 0 0 0.0015 
0 0.0005 0 0.0005 
0 0.0015 0 0 
0 0.001 0 0 
0 0.0025 0.0005 0 
0 0.002 0.0015 0 
0 0.004 0.001 0.0005 
0 0.001 0.0005 0.0115 
0 0 0.0035 0.0005 
0 0 0.001 0.0005 
0 0.0005 0 0.0015 
0 0.0005 0.0005 0.0005 
0 0.0005 0.0015 0.0005 
0 0.002 0 0 
0 0 0.0005 0.0045 
0 0 0.002 0.0005 
0 0 0.001 0.0005 
0 0.0015 0.0005 0.001 
0 0 0.001 0.0005 
0 0.002 0.0005 0.004 
0 0.003 0.004 0 
0 0.001 0.009 0.0005 
0 0.001 0.001 0.0005 
0 0.001 0.0055 0 
0 0.001 0.0005 0.0045 
0 0.0195 0 0.0015 
0 0.0005 0 0.001 
0 0 0.0005 0.009 
0 0.0005 0.006 0 
0 0.0015 0.0085 0 
0 0.0035 0 0.0005 
0 0 0 0.0005 
0 0.0005 0 0.0005 
0 0.001 0.001 0.0005 
0 0 0 0.001 
0 0.0005 0.001 0 
0 0 0 0.0005 
0 0.0015 0.0015 0.003 
0 0.0015 0 0.0005 
0 0 0.001 0.0005 
0 0.0015 0.0005 0 
0 0.001 0.003 0.0005 
0 0.001 0 0.009 
0 0.0005 0.005 0.0015 
0 0.0005 0.0015 0.0015 
0 0.0005 0.0005 0.0055 
0 0 0 0 
0 0.0015 0 0 
0 0.0055 0.0005 0 
0 0.0005 0.001 0.0005 
0 0.0135 0.0055 0.006 
0 0.002 0 0.0005 
0 0.0035 0.0005 0 
0 0.005 0.0005 0 
0 0.0005 0 0 
0 0.002 0.0005 0.0005 
0 0.0005 0 0 
0 0 0 0.0025 
0 0 0.0005 0.02 
0 0.0005 0.001 0.001 
0 0.0005 0.001 0.0005 
0 0.0145 0.001 0 
0 0.002 0.0015 0.0005 
0 0 0.0005 0.0015 
0 0.075 0 0.001 
0 0.0015 0 0.001 
0 0 0.0005 0.0005 
0 0.0005 0.0015 0.0025 
0 0.0005 0.0005 0.0005 
0 0.001 0.0005 0.0015 
0 0.001 0.0005 0.0005 
0 0 0.0005 0.0005 
0 0 0.0015 0.0005 
0 0.108 0 0 
0 0.002 0.0005 0.0935 
0 0.0055 0.0005 0.0045 
0 0.004 0 0.0005 
0 0.003 0.0015 0.0005 
0 0 0 0.001 
0 0.0015 0 0.0005 
0 0.021 0.0005 0.0005 
0 0.0005 0.0005 0.001 
0 0.0005 0.0005 0.0005 
0 0 0.002 0.001 
0 0.002 0.003 0.0005 
0 0.0005 0 0 
0 0.0005 0 0.001 
0 0.0015 0.002 0.001 
0 0.0055 0.0005 0.0005 
0 0 0.0005 0.0025 
0 0.0005 0 0.002 
0 0.001 0 0.0005 
0 0 0 0.001 
0 0.001 0 0.0005 
0 0.0005 0 0.0005 
0 0.002 0.047 0.0165 
0 0.001 0 0 
0 0.0015 0.0005 0.0005 
0 0.0005 0.0005 0 
0 0.001 0 0 
0 0.001 0 0 
0 0 0.0005 0 
0 0 0.014 0.002 
0 0 0.0005 0.0005 
0 0.001 0 0.001 
0 0.001 0.0015 0.0025 
0 0.0005 0 0.001 
0 0.001 0 0.0005 
0 0.0085 0.0005 0 
0 0.001 0.002 0.0005 
0 0.001 0 0.001 
0 0.0005 0.0015 0 
0 0.001 0.0005 0.0005 
0 0.001 0.0005 0.001 
0 0.0015 0 0.0005 
0 0 0 0.0045 
0 0.0005 0.0005 0.0005 
0 0 0.001 0.001 
0 0 0.002 0.006 
0 0 0.001 0 
0 0.0005 0 0 
0 0.002 0.002 0 
0 0 0.0025 0.001 
0 0 0.001 0 
0 0.004 0.0005 0.017 
0 0 0.0005 0.001 
0 0.0005 0.001 0 
0 0.005 0.0015 0.0045 
0 0.0015 0 0.001 
0 0.0005 0 0.001 
0 0.0005 0.0005 0 
0 0.0005 0.0005 0 
0 0.001 0.0005 0.001 
0 0 0.0005 0.0025 
0 0.0005 0.0005 0.0005 
0 0 0.0005 0.0005 
0 0 0.0005 0 
0 0.001 0.0005 0.001 
0 0.0005 0.0065 0.0005 
0 0 0.004 0 
0 0.0025 0.001 0 
0 0 0.003 0.0005 
0 0.0005 0.0005 0.0215 
0 0.001 0 0.001 
0 0.0005 0.001 0.0085 
0 0.0005 0.0005 0.0035 
0 0 0.015 0 
0 0.0035 0.0025 0 
0 0.0005 0 0.001 
0 0.0005 0.001 0.0005 
0 0 0.0005 0.002 
0 0.0025 0.0015 0 
0 0 0 0.0085 
0 0 0.002 0.0085 
0 0.157 0.004 0.002 
0 0.0015 0.0005 0.0115 
0 0.0005 0 0.001 
0 0.0005 0 0.0005 
0 0.001 0.001 0.0005 
0 0.0005 0 0.001 
0 0.0015 0 0.001 
0 0.003 0.001 0.0025 
0 0.001 0.0005 0.001 
0 0.0005 0 0.0005 
0 0.001 0 0.001 
0 0.0005 0.0005 0 
0 0 0 0.0005 
0 0.0015 0 0.001 
0 0.0005 0.004 0.0005 
0 0.006 0.0005 0.0015 
0 0.001 0.001 0.0005 
0 0.0015 0.0015 0 
0 0 0 0.0045 
0 0 0.001 0.0015 
0 0.001 0.0015 0.0015 
0 0.0015 0 0.0025 
0 0.0295 0.0115 0 
0 0.001 0.007 0.001 
0 0 0.002 0.0015 
0 0.0015 0 0.001 
0 0.0015 0.0005 0.0005 
0 0 0 0.0005 
0 0.0005 0 0.0005 
0 0.0005 0.0005 0 
0 0.0005 0.0005 0.0005 
0 0.0025 0.001 0 
0 0.0005 0 0.0005 
0 0.0015 0.001 0.0015 
0 0 0.001 0.0005 
0 0.0015 0.0155 0.0005 
0 0.0005 0 0.0005 
0 0.0005 0 0.0005 
0 0.0025 0 0.0005 
0 0.0005 0 0.009 
0 0.001 0.0015 0 
0 0.001 0.0005 0.0025 
0 0 0.004 0.0085 
0 0.0015 0 0.0035 
0 0 0.0005 0.0005 
0 0.0005 0 0.0005 
0 0 0.001 0 
0 0.002 0.0005 0 
0 0 0.001 0.001 
0 0 0.001 0.0005 
0 0.001 0.0005 0.0015 
0 0 0.003 0 
0 0.0005 0 0.001 
0 0.0005 0.0005 0.001 
0 0.0005 0 0.0005 
0 0.001 0 0.001 
0 0 0 0 
0 0.0005 0.0105 0.002 
0 0 0 0.004 
0 0.0005 0 0.001 
0 0 0.017 0 
0 0.0005 0.004 0 
0 0 0.0385 0 
0 0.001 0 0.001 
0 0 0 0.001 
0 0.002 0 0.0005 
0 0 0.0005 0.0005 
0 0.0005 0.003 0.0005 
0 0.0045 0 0.0005 
0 0.001 0.0005 0 
0 0.0025 0.0005 0.001 
0 0.06 0 0.0005 
0 0.001 0 0 
0 0.0025 0.0005 0.001 
0 0 0 0.0035 
0 0.0005 0 0 
0 0.001 0 0.0005 
0 0.002 0.0005 0.0015 
0 0 0.0005 0 
0 0.0005 0.0025 0 
0 0 0.0015 0 
0 0 0.0045 0.002 
0 0.001 0 0 
0 0 0.002 0.001 
0 0.001 0.0005 0.0525 
0 0.0045 0 0.0005 
0 0 0.001 0.004 
0 0 0.002 0 
0 0.0005 0.001 0.0005 
0 0 0 0 
0 0.0005 0 0.0005 
0 0.0015 0 0.0005 
0 0.0015 0.002 0.001 
0 0 0.0005 0 
0 0 0 0.001 
0 0.0005 0.0005 0.001 
0 0.0005 0 0.001 
0 0 0 0.001 
0 0.0645 0.014 0.001 
0 0.001 0.0005 0.0005 
0 0.0005 0.0755 0.0015 
0 0 0 0 
0 0.1175 0 0.0005 
0 0.004 0 0.0015 
0 0.0005 0 0.0005 
0 0 0.0005 0.0005 
0 0.007 0 0 
0 0 0 0.0005 
0 0.001 0.002 0 
0 0.0005 0.0005 0.001 
0 0.001 0 0.001 
0 0 0.0005 0 
0 0 0 0.0015 
0 0 0 0.0005 
0 0.0025 0 0 
0 0.001 0.0005 0.0005 
0 0 0.0005 0 
0 0 0.0015 0.0005 
0 0.0015 0.006 0 
0 0.0005 0.0005 0.002 
0 0.001 0.0005 0.011 
0 0.0005 0.0015 0 
0 0 0.0005 0 
0 0.005 0.001 0 
0 0.012 0.001 0 
0 0 0.001 0.0005 
0 0 0 0.0005 
0 0.001 0.001 0 
0 0.002 0.001 0.0005 
0 0.0005 0.001 0.0015 
0 0.006 0 0 
0 0.0005 0.004 0 
0 0.0025 0.001 0.001 
0 0.0015 0.0005 0.001 
0 0 0.0005 0.0005 
0 0.002 0.0005 0.0005 
0 0.0025 0.0005 0.001 
0 0.0015 0 0 
0 0.001 0.0005 0.0015 
0 0 0.001 0 
0 0 0.001 0 
0 0 0.0005 0 
0 0.0025 0.0005 0.001 
0 0.0005 0.0005 0.001 
0 0.001 0 0.0025 
0 0.001 0 0.0005 
0 0 0 0 
0 0.0005 0 0 
0 0.001 0 0 
0 0.0005 0 0 
0 0.001 0.001 0.0005 
0 0 0.008 0.0075 
0 0.0015 0.0015 0 
0 0.0005 0.003 0.0005 
0 0 0.0005 0 
0 0 0.001 0 
0 0.0005 0.0005 0.001 
0 0.0005 0 0 
0 0.0005 0.0005 0 
0 0.0005 0.0015 0.014 
0 0.0005 0.0015 0.0005 
0 0 0.4385 0.0045 
0 0 0.002 0.0005 
0 0.001 0 0.001 
0 0.0005 0.0005 0.0015 
0 0.008 0.0015 0.001 
0 0 0.0365 0.001 
0 0.003 0 0 
0 0.0025 0 0 
0 0 0.0035 0 
0 0.0025 0.0075 0.001 
0 0.0005 0.001 0.001 
0 0 0 0 
0 0 0 0.005 
0 0.0005 0 0 
0 0 0.0005 0.001 
0 0.0005 0.001 0.0015 
0 0 0 0 
0 0.001 0.0005 0.0015 
0 0 0.0075 0 
0 0 0 0.001 
0 0.0005 0 0.0015 
0 0 0.001 0.001 
0 0 0.0005 0.0005 
0 0.002 0.0005 0.0005 
0 0 0.001 0.0005 
0 0.002 0.0005 0.0005 
0 0.002 0 0.0005 
0 0.0005 0.0005 0.001 
0 0.003 0.0005 0 
0 0 0 0.0015 
0 0.0015 0 0.0005 
0 0 0.0005 0.0005 
0 0 0.0005 0 
0 0.0005 0 0.0005 
0 0 0.0015 0 
0 0.001 0.0005 0.0005 
0 0 0.001 0 
0 0.0005 0.0015 0 
0 0.001 0.0015 0.0005 
0 0.0065 0.0015 0.0075 
0 0.011 0 0.0015 
0 0.0015 0.001 0.0005 
0 0 0.001 0 
0 0 0.001 0 
0 0.0005 0.007 0.0015 
0 0 0.002 0.0005 
0 0.002 0.007 0.0055 
0 0.0005 0.0005 0.001 
0 0.0005 0.001 0.001 
0 0.001 0 0.0005 
0 0.0075 0.0005 0.0005 
0 0.001 0.001 0.0005 
0 0.0005 0 0 
0 0 0.002 0 
0 0 0.002 0.003 
0 0.0015 0.0005 0 
0 0 0.0005 0 
0 0 0.002 0 
0 0 0.001 0 
0 0 0 0.0005 
0 0.0055 0.0035 0 
0 0 0.001 0.0005 
0 0.0005 0.001 0.0045 
0 0 0.001 0.0005 
0 0.0015 0 0.0005 
0 0.002 0.0015 0 
0 0 0.0005 0.0015 
0 0.0005 0.001 0.0005 
0 0.0005 0.0135 0.001 
0 0.0005 0.0005 0.001 
0 0.0005 0.0355 0.0005 
0 0.001 0 0.0025 
0 0 0 0.0015 
0 0.002 0.0015 0.0005 
0 0 0 0.001 
0 0.0005 0.0165 0.0005 
0 0.0005 0.0005 0.0015 
0 0 0.001 0.0005 
0 0.0005 0 0.0015 
0 0.004 0 0.0025 
0 0.0045 0 0.002 
0 0.0015 0.0005 0.001 
0 0 0.015 0.001 
0 0.001 0.003 0.001 
0 0.0015 0.0005 0 
0 0.012 0.0005 0.001 
0 0.001 0 0 
0 0 0 0.0015 
0 0.0015 0.001 0.0005 
0 0 0 0.001 
0 0.0015 0 0 
0 0.0005 0.0005 0.0005 
0 0.0005 0.0015 0.0005 
0 0.0005 0 0.0005 
0 0 0.0015 0.001 
0 0 0.0005 0.0055 
0 0 0 0.0005 
0 0 0 0 
0 0.0005 0.0005 0.001 
0 0.0005 0.0015 0.0005 
0 0.0005 0 0.001 
0 0.0005 0.001 0.002 
0 0 0 0.0005 
0 0 0.0005 0.0005 
0 0 0 0 
0 0 0.0005 0.001 
0 0 0.0015 0.003 
0 0.0045 0 0 
0 0.005 0 0.0025 
0 0.0005 0.0005 0.0005 
0 0.002 0 0.0015 
0 0.001 0.0005 0.001 
0 0.0005 0.0005 0 
0 0 0 0 
0 0.0055 0.0005 0.0015 
0 0.0045 0.0005 0.0005 
0 0.016 0.002 0.001 
0 0.001 0.0005 0 
0 0.0005 0.0005 0 
0 0.003 0.0015 0.0175 
0 0 0 0.0005 
0 0.0005 0 0.002 
0 0.001 0.0005 0.0005 
0 0.001 0.0005 0.0015 
0 0.0005 0.0005 0.0045 
0 0 0.006 0.0015 
0 0.002 0 0.0015 
0 0.0005 0 0.0005 
0 0.005 0.001 0.001 
0 0 0.0005 0 
0 0.001 0.0005 0.005 
0 0.0005 0.001 0.001 
0 0 0.0005 0 
0 0.0005 0.008 0.001 
0 0 0.0005 0.003 
0 0.0005 0 0 
0 0.0005 0 0 
0 0.0005 0.0015 0.0005 
0 0 0.0015 0 
0 0.001 0 0.0015 
0 0 0 0.001 
0 0.0005 0 0.0105 
0 0.01 0.001 0.0035 
0 0 0 0.0005 
0 0.0005 0.001 0 
0 0.0005 0.001 0.001 
0 0.0025 0 0.001 
0 0.0005 0.0375 0.0005 
0 0.0005 0.0015 0 
0 0.0005 0.0005 0 
0 0.0085 0 0.001 
0 0 0.001 0.0035 
0 0.022 0.001 0.001 
0 0.001 0.001 0.001 
0 0 0.002 0.001 
0 0.0005 0 0.0005 
0 0.001 0.001 0.003 
0 0.0005 0 0.001 
0 0.0005 0.001 0.0005 
0 0.002 0.0005 0.001 
0 0 0.0005 0.016 
0 0.001 0 0.003 
0 0.0015 0 0.0015 
0 0.0045 0 0.001 
0 0.0015 0.001 0.0005 
0 0.0095 0 0.0205 
0 0.0075 0.0005 0.0015 
0 0.0005 0.0005 0.0005 
0 0.0015 0 0 
0 0.0095 0.0005 0.0005 
0 0.001 0 0 
0 0.001 0 0 
0 0 0.003 0.001 
0 0.0005 0.003 0.001 
0 0.0015 0.0005 0.0155 
0 0.0005 0.0015 0.001 
0 0.0005 0 0.0005 
0 0.0005 0.001 0.0015 
0 0 0.0005 0.0005 
0 0.0045 0.0005 0.0025 
0 0.0005 0 0 
0 0 0.0005 0 
0 0 0.001 0.001 
0 0 0.0005 0 
0 0 0.0005 0 
0 0.009 0.003 0 
0 0 0 0.0005 
0 0 0.001 0.002 
0 0 0.001 0 
0 0.015 0.0015 0 
0 0.0015 0 0.011 
0 0.0005 0.0005 0.0005 
0 0.0015 0.0015 0.0005 
0 0.001 0.0025 0 
0 0 0 0 
0 0 0.0005 0.001 
0 0.001 0.001 0.001 
0 0 0 0 
0 0.0035 0.0085 0.0095 
0 0.002 0.001 0.004 
0 0.0005 0 0 
0 0 0 0.0005 
0 0 0.0005 0.0005 
0 0 0.001 0.0005 
0 0.0035 0.001 0 
0 0 0.0005 0 
0 0.006 0 0 
0 0 0.001 0.005 
0 0 0.0005 0.0005 
0 0.0005 0.001 0 
0 0.0005 0.0005 0.0005 
0 0.0005 0.0025 0.0005 
0 0.0005 0.001 0.0015 
0 0.0005 0.002 0.0005 
0 0 0.0005 0.001 
0 0.003 0.0035 0.0275 
0 0.001 0.0005 0.0015 
0 0.0005 0.0005 0.002 
0 0.0005 0.0005 0 
0 0 0.0005 0 
0 0 0.001 0.0005 
0 0 0.0045 0.0005 
0 0.0005 0.0005 0.001 
0 0 0.0045 0.0005 
0 0.001 0 0 
0 0.0005 0.0005 0 
0 0.002 0 0 
0 0 0.0005 0 
0 0.0005 0.001 0.02 
0 0 0.002 0.001 
0 0.001 0.0005 0 
0 0.0005 0.0005 0.0005 
0 0.0005 0 0.0005 
0 0.0025 0.0005 0 
0 0.001 0.0005 0.0005 
0 0.002 0 0.001 
0 0.0015 0.001 0 
0 0 0.0005 0.0015 
0 0 0.0005 0.001 
0 0.0005 0.0005 0 
0 0 0 0 
0 0.0005 0 0.0005 
0 0 0.0075 0.003 
0 0.001 0.0015 0.001 
0 0.0015 0.002 0 
0 0 0.001 0 
0 0.0005 0 0 
0 0 0.005 0.0005 
0 0.0005 0.003 0.003 
0 0.001 0.0005 0 
0 0.001 0.001 0.0025 
0 0 0.0005 0.0005 
0 0.001 0.001 0 
0 0.0005 0.0005 0.001 
0 0 0 0.0005 
0 0 0.0005 0.0005 
0 0.001 0.0015 0 
0 0 0.013 0.003 
0 0 0.0125 0.004 
0 0 0 0.001 
0 0 0.001 0.0005 
0 0.0035 0.0005 0.004 
0 0.0015 0.001 0.0005 
0 0 0.003 0.0045 
0 0.0005 0 0.001 
0 0.021 0.0005 0.0005 
0 0.0035 0.0015 0 
0 0 0.0005 0 
0 0.0015 0.002 0 
0 0.001 0.002 0.0005 
0 0.003 0.0005 0.0015 
0 0.0005 0.001 0.0005 
0 0 0.0005 0.0005 
0 0.002 0.0005 0.003 
0 0.001 0.016 0.0005 
0 0.007 0.001 0.0005 
0 0.0015 0.002 0 
0 0.0005 0.001 0.0005 
0 0.0005 0 0 
0 0.0005 0.0015 0 
0 0.0005 0 0.0005 
0 0.0045 0.001 0 
0 0.0005 0.0005 0.012 
0 0.0565 0.027 0.0015 
0 0 0 0.0005 
0 0.0005 0 0.0005 
0 0.0005 0 0 
0 0.0015 0.015 0.0015 
0 0 0.0005 0.001 
0 0.0005 0.002 0.0065 
0 0.0005 0.0005 0.0005 
0 0 0.0005 0.0005 
0 0.001 0.0015 0.001 
0 0 0.0025 0.0015 
0 0.0025 0 0.0005 
0 0.0005 0 0.005 
0 0.007 0.0005 0.0005 
0 0 0.0035 0.003 
0 0 0 0.001 
0 0.0005 0.0005 0 
0 0.0045 0.001 0 
0 0 0.001 0.0145 
0 0 0.004 0.0005 
0 0.001 0.003 0 
0 0 0.002 0.001 
0 0.0005 0 0.001 
0 0 0.002 0.001 
0 0.0005 0.005 0.002 
0 0.0005 0 0 
0 0.0005 0 0 
0 0 0 0.001 
0 0.001 0.0005 0.003 
0 0 0.0035 0.0005 
0 0 0.001 0.0005 
0 0.0035 0 0.0005 
0 0.0005 0 0.014 
0 0.0005 0.0015 0.0005 
0 0 0.0005 0.0035 
0 0 0.001 0.0015 
0 0 0.001 0.009 
0 0.0015 0 0.0015 
0 0.002 0.0015 0.0035 
0 0 0 0 
0 0.0005 0.0005 0 
0 0.0005 0.002 0 
0 0.007 0 0.0005 
0 0.001 0.0005 0 
0 0.003 0.0015 0.003 
0 0.002 0.0105 0.0025 
0 0.0005 0.0005 0.0005 
0 0.0055 0.0045 0 
0 0 0 0 
0 0.0005 0.0005 0.001 
0 0 0 0 
0 0.0005 0.0005 0.0015 
0 0.0005 0.0005 0.0005 
0 0 0 0.0005 
0 0.001 0.0005 0.0035 
0 0.0005 0.001 0 
0 0.006 0.001 0.001 
0 0.0055 0.007 0.001 
0 0.0015 0 0.0015 
0 0 0.008 0 
0 0 0.001 0.0015 
0 0 0.0045 0 
0 0 0.0015 0 
0 0.001 0.0005 0.0005 
0 0.005 0.0015 0.001 
0 0.001 0.0015 0.0005 
0 0.0025 0 0 
0 0.0025 0 0 
0 0 0.006 0.0005 
0 0 0.0005 0.003 
0 0.0005 0 0 
0 0 0 0.0005 
0 0.0015 0 0 
0 0.0045 0.0005 0 
0 0.0015 0.003 0.002 
0 0 0.002 0.0005 
0 0.001 0.001 0.0005 
0 0.0015 0.002 0.001 
0 0.0005 0.001 0.0005 
0 0 0 0.0005 
0 0.0015 0.0005 0.0035 
0 0.0005 0.001 0 
0 0.0015 0 0.0005 
0 0.003 0 0 
0 0 0.0025 0.001 
0 0.0005 0 0 
0 0.001 0.001 0 
0 0 0.001 0.001 
0 0.0015 0.0005 0.0005 
0 0.006 0.001 0 
0 0.0085 0.001 0.001 
0 0.006 0.0025 0.001 
0 0.001 0 0.0025 
0 0 0.003 0.001 
0 0.0005 0.0015 0.0005 
0 0.0005 0 0 
0 0 0.002 0 
0 0 0.001 0.0005 
0 0.0005 0.0005 0.0005 
0 0.001 0.0005 0.0015 
0 0.0005 0.0005 0.002 
0 0.001 0.0005 0.0005 
0 0.001 0 0.0005 
0 0.001 0.001 0.006 
0 0.0005 0.002 0.001 
0 0.0015 0 0.001 
0 0.0285 0.0005 0.001 
0 0 0 0 
0 0.0005 0.0015 0 
0 0.0005 0.0015 0.0005 
0 0.0005 0.0005 0.0105 
0 0.0065 0.0105 0.001 
0 0.0015 0 0.001 
0 0.0115 0.0005 0 
0 0.003 0.0005 0.0005 
0 0.0005 0 0.0045 
0 0 0 0.005 
0 0 0.0005 0.0065 
0 0.002 0.0005 0 
0 0 0 0.0005 
0 0 0 0 
0 0.0035 0.0005 0.004 
0 0 0 0.001 
0 0.002 0.002 0.0005 
0 0.0045 0.0005 0.0015 
0 0 0.001 0.001 
0 0.0005 0.001 0.0015 
0 0.0005 0.002 0 
0 0.002 0.0005 0.002 
0 0 0.0005 0.002 
0 0.0005 0.0045 0.002 
0 0.001 0 0.0005 
0 0.0005 0 0 
0 0 0.0005 0.0005 
0 0.001 0 0 
0 0 0.001 0.01 
0 0.0005 0.0125 0.001 
0 0.0005 0.003 0.001 
0 0.001 0 0.0095 
0 0.0005 0.001 0.001 
0 0 0.0015 0.0015 
0 0 0.001 0.0025 
0 0 0.0005 0 
0 0.0005 0.001 0 
0 0 0 0.0005 
0 0.0005 0 0.0005 
0 0 0.0015 0.001 
0 0.0005 0 0 
0 0.001 0.0025 0.001 
0 0.004 0.001 0.0005 
0 0.0005 0.0005 0.0005 
0 0 0 0 
0 0 0 0.0005 
0 0.0005 0.001 0.0005 
0 0.0005 0 0 
0 0.0005 0.003 0 
0 0.0005 0.0075 0 
0 0.0015 0.003 0.0005 
0 0.0015 0.0005 0 
0 0 0.0005 0.001 
0 0 0 0.001 
0 0 0 0.001 
0 0.0005 0 0.0005 
0 0 0.001 0.005 
0 0.0005 0 0.0005 
0 0.074 0.0065 0.006 
0 0 0.0005 0.0005 
0 0.0015 0.0005 0 
0 0.001 0.001 0.0005 
0 0 0.0005 0.0005 
0 0.001 0.0005 0 
0 0.001 0.003 0 
0 0.0005 0.0015 0 
0 0 0 0.002 
0 0.0005 0.0005 0 
0 0 0.0005 0 
0 0.0015 0.001 0.001 
0 0.004 0 0 
0 0.001 0.0005 0 
0 0.0005 0.0005 0.0005 
0 0.0005 0 0 
0 0 0 0 
0 0.003 0.0005 0.002 
0 0 0.0015 0.035 
0 0.0025 0.0015 0.003 
0 0.004 0.001 0.0005 
0 0.001 0 0 
0 0.0005 0 0.0025 
0 0.001 0.0005 0.0005 
0 0.003 0.0005 0.0005 
0 0.0055 0.0005 0.001 
0 0.0095 0.002 0.0005 
0 0 0.002 0.0005 
0 0.0015 0.012 0 
0 0 0.0035 0.0045 
0 0 0.0065 0.0005 
0 0.0005 0 0.0005 
0 0 0.0015 0.001 
0 0.0085 0.0005 0 
0 0.0015 0.0005 0 
0 0.006 0.0005 0.0105 
0 0.0005 0.089 0.0005 
0 0 0 0 
0 0.0005 0.002 0.0005 
0 0.001 0.0005 0.133 
0 0 0 0 
0 0.0005 0.002 0.0005 
0 0 0.0005 0.001 
0 0.0005 0.0295 0 
0 0.0005 0.001 0 
0 0.004 0.0005 0.002 
0 0 0.0035 0.004 
0 0.0005 0.001 0.0005 
0 0 0.002 0.0005 
0 0.001 0.001 0.0005 
0 0.002 0.002 0.0005 
0 0.0005 0.0025 0 
0 0.0065 0 0.0005 
0 0 0 0.0015 
0 0.0115 0.0005 0.0015 
0 0 0.001 0.0005 
0 0.0005 0.001 0.001 
0 0.0035 0.006 0.0005 
0 0 0.001 0.005 
0 0.0005 0.0005 0.0005 
0 0.0005 0 0.0005 
0 0.001 0.001 0 
0 0 0.002 0.0015 
0 0.001 0.0015 0.0005 
0 0.004 0 0.001 
0 0 0 0.0005 
0 0.0015 0.0005 0.0005 
0 0.0005 0.0005 0.002 
0 0 0 0.0075 
0 0.0095 0.006 0.0015 
0 0.0005 0.0025 0.006 
0 0.018 0.0015 0.0005 
0 0 0.005 0.0015 
0 0.001 0.0005 0.014 
0 0.0005 0 0.0005 
0 0.0055 0 0.0005 
0 0.0015 0 0 
0 0 0.0015 0.001 
0 0.002 0.0005 0.0015 
0 0.0025 0.002 0 
0 0.0005 0.002 0 
0 0.0005 0.004 0.028 
0 0.0015 0.0015 0 
0 0 0.001 0.0005 
0 0.0025 0 0.006 
0 0.0035 0.0015 0.0005 
0 0.0005 0 0.0005 
0 0.009 0 0.002 
0 0.0025 0.0005 0.0005 
0 0 0 0 
0 0.0005 0.001 0.0015 
0 0 0 0.0005 
0 0.016 0.007 0.003 
0 0.0005 0.0025 0.001 
0 0.0005 0.002 0.001 
0 0.0005 0.0005 0 
0 0.001 0.002 0.0015 
0 0.0005 0.001 0.0015 
0 0 0.0005 0.0005 
0 0.001 0 0.001 
0 0.0325 0 0 
0 0.0005 0.0005 0.0015 
0 0.001 0.0005 0.008 
0 0.0015 0.0025 0 
0 0.0005 0 0 
0 0.017 0 0.0005 
0 0 0.0005 0.005 
0 0.0015 0.0005 0.0025 
0 0.001 0.001 0.0005 
0 0.0005 0.0015 0.0015 
0 0.0135 0.0005 0.0035 
0 0.0015 0.001 0.003 
0 0.008 0.002 0.0025 
0 0.0005 0.002 0.0005 
0 0.007 0.001 0.005 
0 0 0.0015 0.0005 
0 0.0005 0.001 0.0015 
0 0.001 0 0 
0 0.0095 0.001 0 
0 0.0005 0 0.001 
0 0.001 0.0005 0.0005 
0 0.001 0 0 
0 0.002 0.001 0.0055 
0 0.0005 0 0.0015 
0 0.0005 0 0.0015 
0 0.001 0 0.0025 
0 0.006 0.0015 0.0005 
0 0.0005 0.0015 0 
0 0.0005 0.0015 0.0035 
0 0.0015 0.001 0.0015 
0 0.001 0.001 0.0005 
0 0.0025 0.0005 0.0005 
0 0.001 0 0.002 
0 0.0095 0.0015 0.002 
0 0.0005 0 0 
0 0.003 0.01 0.0005 
0 0.001 0.0005 0 
0 0.001 0.0005 0.001 
0 0.0015 0.001 0 
0 0.002 0.0055 0.0005 
0 0.0005 0.002 0 
0 0.001 0.0005 0.0005 
0 0.0045 0.001 0.0005 
0 0.0015 0.0025 0.0015 
0 0 0.0005 0.0005 
0 0 0.0005 0.001 
0 0.002 0.001 0 
0 0.0015 0.0005 0.001 
0 0.0035 0.0005 0.0005 
0 0 0.001 0 
0 0.037 0.002 0.001 
0 0.0005 0.002 0 
0 0 0.0005 0 
0 0.0005 0.0015 0 
0 0.0005 0 0.003 
0 0.0005 0 0 
0 0.006 0.0005 0 
0 0.044 0 0.001 
0 0.0005 0.0005 0 
0 0.0015 0 0.0015 
0 0.0015 0 0.0005 
0 0 0.001 0 
0 0.0005 0 0.009 
0 0.002 0.001 0 
0 0.001 0.001 0.0005 
0 0 0.0005 0.0005 
0 0.002 0.0005 0 
0 0 0.0015 0 
0 0.002 0.0005 0.0015 
0 0.0005 0 0.0015 
0 0 0.001 0.001 
0 0.0005 0.0005 0.0005 
0 0 0.0015 0.0005 
0 0 0 0 
0 0.001 0 0.0005 
0 0.017 0 0 
0 0.001 0 0 
0 0.0045 0 0.0005 
0 0 0 0.0005 
0 0 0.003 0.001 
0 0.001 0 0 
0 0 0.001 0.0005 
0 0.0005 0.0005 0 
0 0 0.0005 0.0015 
0 0.0005 0.001 0 
0 0.0005 0.001 0 
0 0.0005 0 0.0005 
0 0.0005 0.0005 0.0065 
0 0.002 0.001 0.0025 
0 0.0005 0.0005 0.0005 
0 0.001 0.001 0.0065 
0 0.015 0 0 
0 0 0.0005 0 
0 0 0.0005 0 
0 0 0.0005 0.001 
0 0.009 0.0005 0.0035 
0 0 0.001 0.0005 
0 0 0 0 
0 0.002 0 0 
0 0.0005 0 0.0005 
0 0 0.0015 0.0005 
0 0.0005 0 0.0005 
0 0.0005 0 0 
0 0.0015 0.001 0.001 
0 0.0005 0.0015 0 
0 0.0045 0 0.0005 
0 0.021 0.0005 0.0125 
0 0.001 0 0.0005 
0 0 0 0.0005 
0 0.0055 0 0 
0 0.0005 0.001 0.002 
0 0.0005 0.002 0 
0 0 0 0.0005 
0 0.0005 0.001 0.002 
0 0.0005 0.0005 0.001 
0 0.0015 0.0005 0.0005 
0 0.001 0.0005 0.0005 
0 0.003 0 0 
0 0 0.0035 0 
0 0.0015 0 0.0005 
0 0 0 0.0005 
0 0.0015 0.0005 0.01 
0 0.0005 0 0.0005 
0 0.001 0.002 0.0015 
0 0 0.0005 0.0005 
0 0.001 0 0.0005 
0 0 0 0.0005 
0 0.0045 0.0095 0.0005 
0 0 0 0 
0 0.01 0 0.0005 
0 0.004 0.0015 0 
0 0 0 0.0015 
0 0 0.004 0.001 
0 0 0.0005 0.0005 
0 0 0 0.001 
0 0 0.0005 0.0025 
0 0.002 0 0 
0 0.0015 0.0005 0.0005 
0 0.001 0.0005 0 
0 0.0005 0.0025 0.001 
0 0.0005 0.005 0.0005 
0 0 0.001 0.001 
0 0.0025 0.0005 0 
0 0.0005 0.005 0.0005 
0 0.002 0.001 0.001 
0 0.0005 0.0045 0 
0 0 0.0005 0 
0 0 0 0.001 
0 0 0 0.0005 
0 0.0005 0.0005 0 
0 0 0 0 
0 0.0005 0 0 
0 0.001 0 0 
0 0.0005 0.001 0.001 
0 0.0005 0.0005 0.0005 
0 0.0005 0.001 0.001 
0 0.0005 0 0.0015 
0 0 0.0005 0.0015 
0 0.0015 0.0045 0.0005 
0 0.001 0.0025 0.0005 
0 0.004 0 0.0005 
0 0.0065 0 0.002 
0 0.003 0.005 0.001 
0 0.0005 0.0085 0 
0 0.001 0 0 
0 0.0005 0.002 0.0005 
0 0.0005 0.001 0 
0 0.0005 0.0005 0.004 
0 0.0045 0.0005 0.0005 
0 0.0005 0.0005 0.0005 
0 0.002 0.0125 0 
0 0 0.001 0.0005 
0 0.0005 0 0.0015 
0 0.0095 0.001 0.001 
0 0.0015 0 0.0005 
0 0 0.001 0.0005 
0 0.0005 0.0015 0.0005 
0 0.0005 0.001 0.002 
0 0.0005 0.0015 0.0075 
0 0 0.0025 0.001 
0 0.002 0.0005 0 
0 0.027 0.0005 0.0065 
0 0.0015 0.0005 0 
0 0 0.0025 0.0025 
0 0.0115 0.0005 0 
0 0.0075 0.0025 0.0005 
0 0.0005 0.001 0.0005 
0 0 0.0035 0.0005 
0 0.065 0.0005 0.0085 
0 0 0 0.0015 
0 0.082 0.001 0.001 
0 0.0005 0.0005 0 
0 0.001 0.0095 0 
0 0 0 0.0005 
0 0 0 0.007 
0 0.0005 0 0.0005 
0 0.001 0 0.0025 
0 0.001 0.0025 0.014 
0 0.0005 0.0085 0 
0 0.0005 0.001 0.001 
0 0.011 0.0015 0 
0 0 0.001 0.001 
0 0.001 0.0015 0.0005 
0 0.0015 0.001 0.0015 
0 0.0005 0.001 0.0005 
0 0.001 0.001 0.001 
0 0.0005 0.001 0.0005 
0 0.001 0.001 0 
0 0.001 0.002 0.0015 
0 0.002 0 0.0665 
0 0.0005 0.0005 0.002 
0 0 0 0 
0 0 0 0.0005 
0 0.0005 0.002 0.0015 
0 0.001 0.0005 0.0025 
0 0.0015 0 0.0005 
0 0.0005 0 0.0015 
0 0.0005 0 0.0015 
0 0.0005 0.0015 0.0035 
0 0 0.103 0.0015 
0 0 0.0015 0.0005 
0 0.0015 0.0015 0.0005 
0 0 0.0005 0.0005 
0 0 0.001 0.001 
0 0.0015 0.001 0.0005 
0 0.0005 0.0015 0.0005 
0 0 0.004 0.0015 
0 0.0005 0.0005 0 
0 0.0015 0.0025 0 
0 0.0005 0.001 0.001 
0 0 0 0.0005 
0 0.001 0 0.0005 
0 0.0015 0.0015 0.002 
0 0 0.0015 0.0005 
0 0.001 0 0.0005 
0 0 0.0005 0.0055 
0 0.015 0 0 
0 0 0.03 0.001 
0 0.0005 0 0.001 
0 0.0015 0.077 0.0015 
0 0.0005 0.0005 0.001 
0 0.001 0.0005 0 
0 0.0005 0.0005 0.01 
0 0.001 0 0 
0 0 0.0015 0 
0 0 0.003 0.0005 
0 0.0005 0.0005 0.0005 
0 0.0005 0.001 0 
0 0.003 0.01 0.0005 
0 0.002 0 0.0005 
0 0.005 0.001 0.0005 
0 0 0.003 0.0025 
0 0.0025 0 0.001 
0 0.002 0 0.0005 
0 0.0005 0.001 0.0005 
0 0 0 0.0005 
0 0.001 0.0035 0.0105 
0 0.001 0.0005 0.0005 
0 0.002 0.001 0.001 
0 0.002 0.0005 0 
0 0 0.0015 0.001 
0 0.001 0.0005 0.0005 
0 0.001 0 0.001 
0 0.0015 0.0025 0.0075 
0 0.0025 0.0005 0 
0 0.009 0.0005 0.0005 
0 0.001 0.0005 0.0015 
0 0.004 0.001 0.0005 
0 0.0005 0 0.0005 
0 0 0.0015 0 
0 0.001 0.001 0.0005 
0 0.001 0.0015 0.001 
0 0.0005 0 0.001 
0 0.0005 0.0005 0 
0 0.0005 0 0.002 
0 0.0015 0.0005 0 
0 0 0 0.0005 
0 0.001 0.001 0 
0 0.005 0.0055 0 
0 0.0025 0 0.001 
0 0.0005 0 0.0005 
0 0.0005 0.002 0.0005 
0 0.0005 0.0075 0 
0 0.002 0.001 0.0005 
0 0.009 0.0045 0.005 
0 0.0005 0 0.001 
0 0 0.02 0 
0 0.0015 0.0025 0.0005 
0 0.0005 0.0005 0.0005 
0 0 0.0005 0.0015 
0 0 0 0.0005 
0 0.0005 0.0005 0.0055 
0 0 0.002 0 
0 0.001 0.0005 0.001 
0 0.0075 0.0055 0.0005 
0 0 0 0.001 
0 0.0005 0.0005 0 
0 0 0.0075 0.0015 
0 0 0.0025 0 
0 0 0.001 0.002 
0 0.0005 0.0005 0.001 
0 0.0025 0 0 
0 0.0005 0.0005 0.001 
0 0.0015 0.001 0 
0 0 0.0005 0.019 
0 0.001 0 0.0005 
0 0.0005 0.001 0.0005 
0 0.001 0 0 
0 0.0015 0.0015 0 
0 0.0005 0.0005 0 
0 0.0005 0.0005 0.001 
0 0.0005 0.003 0.0005 
0 0.0005 0 0 
0 0.0005 0.0015 0.0005 
0 0.0005 0 0.002 
0 0.002 0.003 0.0005 
0 0 0 0 
0 0 0 0.0005 
0 0.001 0.0005 0.001 
0 0.0005 0.0035 0.001 
0 0.0005 0.0005 0 
0 0.0005 0.0025 0.0015 
0 0.0005 0.004 0.0005 
0 0.004 0 0.001 
0 0 0 0.0005 
0 0.0045 0.0065 0 
0 0.001 0.0005 0.001 
0 0.0015 0.0005 0 
0 0 0 0.002 
0 0.0005 0.001 0.02 
0 0.002 0.0015 0.0005 
0 0.001 0 0 
0 0 0 0.0005 
0 0 0 0.0005 
0 0.0005 0.0005 0.0005 
0 0.0005 0.0015 0.0005 
0 0.002 0.006 0.0005 
0 0.0015 0.001 0.001 
0 0.0235 0.0005 0.013 
0 0 0.0025 0.0005 
0 0.0005 0.0015 0.0005 
0 0 0.0005 0 
0 0.001 0.0005 0 
0 0 0.0035 0.001 
0 0.0005 0 0.001 
0 0.001 0.0005 0.035 
0 0 0.0005 0.0005 
0 0.0015 0.0005 0.009 
0 0.0015 0.0005 0.0005 
0 0.012 0.002 0.0005 
0 0.001 0 0.0045 
0 0 0.001 0.0005 
0 0.0095 0 0.0015 
0 0 0.0005 0.0005 
0 0 0.003 0.0005 
0 0 0 0.003 
0 0.0005 0.007 0.001 
0 0.001 0.001 0.001 
0 0.0005 0 0.0005 
0 0.001 0.007 0.001 
0 0.009 0.0025 0.001 
0 0.0015 0 0 
0 0.0005 0.0005 0.001 
0 0 0.0005 0.011 
0 0.0005 0.0005 0 
0 0.001 0 0.0005 
0 0.0015 0 0.0035 
0 0.0015 0 0 
0 0.001 0 0 
0 0 0.002 0 
0 0 0.002 0.0005 
0 0.001 0.0015 0.004 
0 0 0.01 0.001 
0 0.003 0 0.0015 
0 0.0005 0.0005 0.0005 
0 0.0015 0 0 
0 0.0005 0 0.001 
0 0.002 0.001 0.01 
0 0.0005 0.0015 0.044 
0 0.0005 0 0 
0 0 0.0005 0.0005 
0 0 0.001 0.0015 
0 0 0 0 
0 0.0015 0 0 
0 0.002 0.0015 0.013 
0 0.0005 0.001 0.001 
0 0.014 0.0045 0 
0 0.0005 0.0005 0.0005 
0 0.001 0 0.001 
0 0.0005 0 0.0005 
0 0.0055 0.002 0.0005 
0 0.001 0.001 0.002 
0 0.0015 0.0005 0.0005 
0 0.005 0.013 0.0005 
0 0.0015 0.0025 0.0005 
0 0 0 0 
0 0.02 0.0015 0.0005 
0 0 0 0.0005 
0 0.001 0 0.004 
0 0.0005 0 0.0005 
0 0.0015 0.001 0.0005 
0 0.0005 0.012 0.0015 
0 0.029 0 0.0005 
0 0 0.0005 0.001 
0 0.0005 0.001 0 
0 0.0005 0.001 0 
0 0 0.001 0.0005 
0 0.001 0 0.0015 
0 0 0.001 0.0005 
0 0 0.001 0.001 
0 0 0.0005 0.002 
0 0 0.0015 0.0025 
0 0 0.0015 0.007 
0 0 0.001 0.007 
0 0 0.0005 0.0005 
0 0 0 0.0005 
0 0.0005 0 0 
0 0.0005 0.001 0.004 
0 0.003 0 0 
0 0 0 0.0015 
0 0.0015 0.0015 0.001 
0 0.0255 0.0005 0 
0 0.0035 0.0005 0.002 
0 0 0.0825 0 
0 0.004 0 0.008 
0 0.0005 0.0005 0.0005 
0 0.003 0 0.001 
0 0.001 0 0.0005 
0 0.002 0.0005 0.0005 
0 0.004 0.074 0.004 
0 0.0005 0.0005 0.0005 
0 0.0005 0 0.001 
0 0.0005 0.0005 0 
0 0.0005 0.0005 0 
0 0.0015 0.0005 0.002 
0 0.0005 0 0.001 
0 0 0 0.0005 
0 0.007 0.0005 0 
0 0 0.0015 0.002 
0 0.009 0.0005 0.0005 
0 0 0.0005 0.001 
0 0 0.002 0.0005 
0 0.0005 0 0.001 
0 0.0005 0.0005 0.0005 
0 0.0005 0 0.0005 
0 0.0005 0 0.0005 
0 0 0.0005 0.0005 
0 0.0075 0 0 
0 0.001 0.0015 0.0005 
0 0.006 0.001 0.001 
0 0 0.0005 0 
0 0.0015 0.0005 0 
0 0 0.0005 0.001 
0 0.0005 0 0 
0 0 0 0 
0 0 0.001 0 
0 0.0005 0 0.0025 
0 0.005 0.0005 0.001 
0 0.0005 0.0035 0.0005 
0 0.002 0 0.0025 
0 0.0035 0 0.001 
0 0 0.01 0 
0 0.001 0 0 
0 0 0 0.001 
0 0.0015 0.002 0.001 
0 0.0015 0.001 0.001 
0 0 0 0.001 
0 0 0.001 0.0005 
0 0 0.001 0.0005 
0 0.0005 0 0.0015 
0 0 0 0 
0 0.0005 0.0025 0.001 
0 0.0055 0 0.0005 
0 0 0.0015 0.001 
0 0.001 0.002 0.0005 
0 0.0005 0.0005 0.0005 
0 0 0 0.001 
0 0.0005 0.008 0 
0 0.0025 0 0 
0 0.0015 0 0.004 
0 0 0.0005 0.0005 
0 0.0005 0 0 
0 0 0.001 0.001 
0 0.001 0.003 0 
0 0.001 0.0015 0.0015 
0 0 0.0065 0.001 
0 0.0015 0 0.001 
0 0 0.003 0.001 
0 0 0.0005 0.003 
0 0 0.0085 0.0005 
0 0.002 0.0005 0.0005 
0 0 0 0.0005 
0 0 0.0005 0.001 
0 0.001 0 0.0015 
0 0.001 0.0005 0 
0 0.003 0.0055 0 
0 0.001 0 0.0005 
0 0.0005 0 0 
0 0 0.0005 0.001 
0 0 0 0.0005 
0 0.003 0.0005 0.001 
0 0.001 0.0005 0 
0 0 0 0.011 
0 0.0005 0.0005 0 
0 0.001 0.0015 0 
0 0.0015 0.0005 0 
0 0.0015 0.001 0 
0 0 0.001 0 
0 0.0005 0.0005 0.004 
0 0.0005 0.0025 0.002 
0 0 0.001 0.001 
0 0.0305 0.0005 0.0005 
0 0 0 0.0005 
0 0.0005 0 0.0025 
0 0.001 0.002 0 
0 0.0005 0.0025 0 
0 0 0 0 
0 0.0005 0.0005 0.0015 
0 0.0005 0.0005 0 
0 0.001 0.035 0.0015 
0 0.0035 0.0005 0.0045 
0 0.002 0 0.0005 
0 0 0 0.004 
0 0.0005 0.001 0.0005 
0 0 0.0005 0.002 
0 0 0.034 0.0005 
0 0.001 0.0005 0.002 
0 0.001 0.0005 0.0005 
0 0.001 0.0015 0.001 
0 0.0005 0.001 0.005 
0 0 0.002 0.0025 
0 0.0015 0.0005 0.0005 
0 0.001 0.0005 0.0015 
0 0 0.0005 0 
0 0.0005 0.0025 0.0005 
0 0.002 0.0005 0.0005 
0 0 0 0.0005 
0 0.003 0.0005 0.002 
0 0 0.003 0.0005 
0 0 0 0.002 
0 0.0035 0.0015 0.0015 
0 0.0005 0 0 
0 0.001 0.001 0.0005 
0 0.0015 0.001 0.001 
0 0.001 0.0005 0 
0 0 0 0.002 
0 0 0 0.018 
0 0.003 0.0005 0.0005 
0 0 0.0005 0.0005 
0 0.0005 0.002 0.0155 
0 0.0005 0.0005 0.002 
0 0 0.001 0.0055 
0 0.0005 0.002 0 
0 0.0005 0.0005 0.0015 
0 0.0005 0.001 0.001 
0 0.003 0.002 0.001 
0 0 0.002 0.006 
0 0.001 0.0205 0.0005 
0 0.0005 0 0 
0 0.001 0.0015 0.003 
0 0.0005 0 0 
0 0.001 0.001 0 
0 0.001 0.0005 0 
0 0.0005 0.003 0.0005 
0 0.001 0.005 0.003 
0 0.001 0.001 0.0075 
0 0.0005 0.001 0.001 
0 0.0005 0.0065 0.0015 
0 0.0005 0 0 
0 0 0 0 
0 0.0005 0.0005 0.001 
0 0.0005 0.002 0.001 
0 0.0005 0.0015 0 
0 0.0005 0.0005 0.001 
0 0 0.004 0.001 
0 0.0005 0 0 
0 0.002 0.0005 0.001 
0 0.0015 0.004 0.001 
0 0.0005 0.002 0.006 
0 0.001 0 0.0005 
0 0 0.0005 0.0005 
0 0.001 0.0005 0.0005 
0 0 0.0005 0.0035 
0 0 0 0.0015 
0 0.0005 0.0015 0.003 
0 0.006 0 0.003 
0 0.0005 0.0015 0 
0 0 0 0.002 
0 0.011 0.0015 0.0005 
0 0.0005 0.0015 0.001 
0 0.0005 0.0005 0 
0 0.0005 0 0.001 
0 0.0005 0 0 
0 0 0.001 0.0015 
0 0.0005 0 0.001 
0 0 0.0005 0.0005 
0 0.001 0 0 
0 0.8485 0.002 0.001 
0 0.0005 0.0005 0.0005 
0 0 0 0.001 
0 0.004 0 0.0005 
0 0.0005 0 0.0005 
0 0 0.002 0.001 
0 0.001 0.0005 0.001 
0 0 0.0005 0 
0 0.0025 0 0.001 
0 0.01 0.0005 0.015 
0 0.0005 0 0.0015 
0 0.0005 0.005 0.1005 
0 0.001 0.0005 0.001 
0 0.001 0 0.001 
0 0.001 0.001 0.0015 
0 0.0005 0 0 
0 0.001 0 0.0005 
0 0 0.004 0.001 
0 0.001 0.0015 0.0015 
0 0.001 0.0005 0.0005 
0 0.0005 0.0005 0 
0 0.0005 0 0.0005 
0 0 0.001 0 
0 0.001 0.0005 0.0035 
0 0.0005 0 0.002 
0 0 0.0105 0.0025 
0 0.0015 0.0005 0.0005 
0 0.0005 0.0005 0.0005 
0 0.0005 0 0.002 
0 0.001 0.0005 0.0105 
0 0.001 0.001 0.001 
0 0.001 0 0.0005 
0 0 0 0.0005 
0 0.002 0.003 0.0015 
0 0.0005 0 0.0025 
0 0.003 0 0.001 
0 0.0005 0 0.003 
0 0 0.0205 0 
0 0.0005 0 0.0015 
0 0.0005 0.0005 0.0015 
0 0.0015 0.0025 0.002 
0 0.002 0.0015 0.0005 
0 0 0.005 0.0005 
0 0.0025 0.1665 0.01 
0 0.0005 0.003 0 
0 0.0005 0 0.003 
0 0 0.0005 0.001 
0 0 0.0005 0 
0 0.0005 0 0.001 
0 0 0.001 0 
0 0 0 0.001 
0 0.0005 0.002 0.001 
0 0 0 0.0015 
0 0.0005 0 0 
0 0.0115 0 0.0005 
0 0.002 0.0005 0 
0 0.0015 0.009 0.0015 
0 0.0005 0.001 0.0005 
0 0.001 0.0005 0.001 
0 0.002 0 0.0005 
0 0.017 0 0 
0 0.0005 0.0005 0.0005 
0 0.0015 0 0.0005 
0 0 0.001 0.0005 
0 0.0045 0.0005 0 
0 0.0005 0.0005 0.0105 
0 0 0.0005 0.0045 
0 0.0015 0.0025 0.0005 
0 0.001 0.001 0 
0 0.0025 0 0.0005 
0 0.0015 0 0.0005 
0 0 0.0025 0 
0 0.001 0 0.0035 
0 0 0.0005 0.0055 
0 0.004 0.001 0.0005 
0 0.0005 0.0015 0 
0 0.0005 0.001 0.0095 
0 0.001 0.0005 0.0005 
0 0.0095 0.002 0.0005 
0 0.002 0.0015 0.0005 
0 0.0015 0.0015 0.001 
0 0.0005 0.0005 0.0005 
0 0 0 0.0035 
0 0.001 0 0 
0 0 0.002 0.0125 
0 0 0.0005 0.0005 
0 0.1805 0.0005 0.0005 
0 0 0.001 0 
0 0.0005 0 0.003 
0 0.0005 0.0005 0 
0 0.002 0.0005 0.0025 
0 0.0015 0.0005 0.0025 
0 0.0015 0 0.001 
0 0.002 0.0005 0 
0 0.0005 0.0005 0.0005 
0 0 0.0005 0 
0 0 0 0.001 
0 0.0005 0 0.0005 
0 0.0015 0 0.0005 
0 0.001 0.007 0.0025 
0 0.001 0.001 0.0005 
0 0.001 0.0005 0.0005 
0 0.004 0 0 
0 0.0005 0.001 0 
0 0.0005 0.002 0.0025 
0 0 0.0005 0.0005 
0 0 0 0.0045 
0 0.002 0.0005 0.0015 
0 0.0005 0.0025 0.001 
0 0.002 0.0025 0 
0 0.0005 0.0045 0 
0 0 0.0005 0 
0 0 0.0005 0 
0 0 0.0095 0 
0 0.0005 0.001 0 
0 0.0115 0.0005 0.001 
0 0.0005 0.0005 0 
0 0 0.0015 0 
0 0.001 0.0035 0.0005 
0 0.0005 0.0055 0 
0 0 0.0005 0 
0 0.0005 0.001 0.0005 
0 0 0 0 
0 0 0.0075 0.0005 
0 0.0005 0.0005 0 
0 0.0035 0 0.0005 
0 0 0 0.0005 
0 0 0.0005 0 
0 0 0 0.001 
0 0.0005 0.001 0.0005 
0 0.0005 0.001 0 
0 0.0005 0.0005 0.0005 
0 0.0005 0.0005 0 
0 0.002 0.0005 0.001 
0 0.0015 0 0.011 
0 0.0005 0.0005 0.002 
0 0.001 0 0.0025 
0 0.0005 0.0005 0.0005 
0 0.0005 0 0.0005 
0 0.0075 0.002 0 
0 0.0005 0 0.0005 
0 0 0.001 0 
0 0.001 0.0005 0.001 
0 0.013 0.002 0.001 
0 0.0015 0 0.0005 
0 0 0 0.001 
0 0.002 0.0025 0 
0 0 0.0345 0.001 
0 0 0.0015 0 
0 0.0005 0.0005 0.012 
0 0 0 0 
0 0.0445 0.0005 0.0065 
0 0.0075 0.001 0.0015 
0 0.0005 0 0.0005 
0 0 0.003 0.036 
0 0.001 0.001 0.0005 
0 0 0.0005 0.0005 
0 0.001 0.0055 0.003 
0 0.001 0.0005 0.0135 
0 0 0.0005 0 
0 0.0005 0.0005 0 
0 0.002 0.002 0 
0 0.0005 0.001 0.0025 
0 0.0025 0.0125 0 
0 0.004 0.0005 0.001 
0 0.0005 0.001 0.0005 
0 0.0005 0.0005 0.0005 
0 0.012 0.001 0 
0 0.001 0.001 0.0005 
0 0.001 0.0045 0.004 
0 0.0005 0 0.001 
0 0 0.019 0.0025 
0 0.009 0.0015 0.0005 
0 0.0005 0.0025 0.0005 
0 0 0 0.002 
0 0.0005 0.0005 0.0005 
0 0 0.0005 0.0005 
0 0.001 0 0.0005 
0 0.0005 0.0005 0.001 
0 0.002 0.001 0.0015 
0 0.001 0.0325 0 
0 0.0005 0.0015 0.0005 
0 0.0005 0.0005 0 
0 0 0 0.001 
0 0.0085 0.0005 0 
0 0.0035 0.001 0.0015 
0 0.002 0.001 0 
0 0 0.002 0 
0 0 0.001 0.001 
0 0.0015 0 0.008 
0 0.0005 0 0 
0 0.0075 0.0005 0 
0 0.0005 0 0.0005 
0 0.0005 0.001 0.0005 
0 0 0.0005 0.001 
0 0.002 0.002 0.0045 
0 0.001 0.0005 0.001 
0 0.0005 0.0055 0 
0 0.0005 0.0005 0 
0 0.001 0.0005 0.0005 
0 0.0015 0.0045 0.0005 
0 0.0005 0.0005 0.0015 
0 0 0.0005 0.001 
0 0.001 0 0.0005 
0 0 0 0.005 
0 0.001 0.0005 0.006 
0 0.0005 0 0.0005 
0 0 0.0005 0 
0 0.0005 0.001 0.0015 
0 0.024 0 0 
0 0 0 0.0005 
0 0.001 0.0005 0 
0 0.014 0 0 
0 0 0 0.004 
0 0.003 0.001 0.0005 
0 0 0.0095 0.001 
0 0 0.0015 0 
0 0 0.001 0.0005 
0 0 0.001 0.0015 
0 0.001 0 0.0015 
0 0.0005 0.0005 0.0015 
0 0.0005 0.001 0.0015 
0 0 0.0085 0.0005 
0 0.002 0 0.002 
0 0.004 0.006 0 
0 0 0.0005 0.0005 
0 0 0.0005 0.0015 
0 0.002 0.002 0 
0 0 0 0 
0 0 0.0005 0 
0 0.0005 0.0005 0 
0 0.0035 0.0005 0 
0 0 0.0005 0 
0 0.0035 0 0.006 
0 0.003 0 0.0015 
0 0.0055 0 0.0005 
0 0.0025 0.0005 0 
0 0.0205 0.0005 0.001 
0 0.001 0 0.0005 
0 0.001 0.0015 0.0015 
0 0 0.002 0 
0 0 0.001 0.001 
0 0 0.0005 0 
0 0 0.004 0 
0 0 0 0.002 
0 0.001 0 0.001 
0 0.005 0.0035 0.005 
0 0.013 0.001 0.0005 
0 0.0015 0.001 0 
0 0 0.0015 0.0005 
0 0.0015 0.001 0 
0 0 0.0005 0.0015 
0 0 0.0005 0.0005 
0 0.006 0 0 
0 0.008 0 0 
0 0.001 0 0.0025 
0 0.001 0 0.0005 
0 0.0075 0 0.0005 
0 0.0005 0 0.001 
0 0.0055 0.003 0.0005 
0 0.0015 0.0005 0.002 
0 0.0035 0.003 0.001 
0 0.0005 0 0.007 
0 0 0.0005 0 
0 0 0 0.0005 
0 0.0025 0.0025 0 
0 0.001 0.0015 0.0005 
0 0.0005 0.0005 0.001 
0 0.001 0.0005 0.0005 
0 0.001 0 0.0015 
0 0 0.0055 0 
0 0.0005 0.0005 0 
0 0.0005 0 0.0005 
0 0.0005 0.0005 0.0065 
0 0 0.001 0.0065 
0 0 0.0015 0.0005 
0 0.0025 0.0075 0.001 
0 0.003 0.0005 0.0005 
0 0 0.001 0 
0 0.0055 0.0015 0.001 
0 0 0.001 0 
0 0.0005 0.0015 0.007 
0 0.0015 0.0005 0.0015 
0 0.002 0.0015 0.0005 
0 0.001 0 0.0005 
0 0 0.0025 0 
0 0 0.0005 0.0005 
0 0.0005 0.002 0 
0 0.0015 0.007 0.0005 
0 0.0015 0.0015 0.0005 
0 0.002 0 0 
0 0 0.001 0.001 
0 0 0.008 0 
0 0.001 0.0005 0.0005 
0 0.0005 0.001 0.0005 
0 0.001 0 0 
0 0.0005 0.003 0.0015 
0 0 0 0.001 
0 0 0.002 0.0005 
0 0.001 0.0005 0.002 
0 0 0.0005 0 
0 0.0005 0.001 0 
0 0 0.0035 0 
0 0.0015 0.0005 0.001 
0 0.0005 0 0.001 
0 0.001 0 0.001 
0 0.0005 0.003 0.0035 
0 0.0005 0.0005 0.0025 
0 0 0.0005 0 
0 0 0 0.0005 
0 0.002 0.0065 0 
0 0 0.001 0.0005 
0 0 0.0005 0.0005 
0 0.002 0.001 0.001 
0 0.004 0.0005 0.0005 
0 0.0005 0.0005 0 
0 0.001 0.0005 0.0005 
0 0.0005 0.0035 0.0025 
0 0.0005 0.001 0 
0 0.0005 0.0005 0.0005 
0 0.002 0 0.0005 
0 0.2975 0.0005 0.0005 
0 0.0005 0.001 0.0055 
0 0 0.0015 0 
0 0 0 0.0035 
0 0.001 0 0.0005 
0 0.0005 0 0.002 
0 0.0005 0.0065 0.0005 
0 0.004 0.001 0.001 
0 0 0.005 0.001 
0 0.0025 0.0005 0.002 
0 0.0035 0.0005 0.001 
0 0.004 0 0.0155 
0 0 0 0.0075 
0 0.001 0.0005 0 
0 0 0 0.001 
0 0.0035 0.01 0.0015 
0 0 0.0005 0 
0 0 0.0005 0.0055 
0 0.0015 0.0055 0.0005 
0 0.0025 0.001 0.0015 
0 0 0.001 0.001 
0 0.0005 0.0015 0.0025 
0 0 0.01 0.001 
0 0 0.002 0 
0 0.0015 0.0005 0.001 
0 0 0.0005 0 
0 0 0.0015 0.0015 
0 0 0.0005 0 
0 0.0035 0.001 0.001 
0 0 0 0.005 
0 0.0015 0.0015 0.0005 
0 0.0005 0.0005 0.0005 
0 0 0 0.001 
0 0 0 0 
0 0.0005 0.0005 0 
0 0 0.0015 0 
0 0.0005 0 0 
0 0 0.0005 0.001 
0 0 0 0.0005 
0 0.001 0.004 0.0005 
0 0.001 0.0005 0.0015 
0 0.004 0.0005 0.0005 
0 0.0005 0.0015 0 
0 0.0005 0.0005 0 
0 0.0015 0.0035 0 
0 0 0 0.001 
0 0 0 0 
0 0.001 0 0 
0 0.0005 0.005 0.0015 
0 0.001 0.003 0.001 
0 0.0105 0.0005 0 
0 0 0.001 0 
0 0 0.047 0.001 
0 0.0005 0 0 
0 0 0.0025 0.001 
0 0.001 0 0 
0 0.0025 0.0005 0.0045 
0 0.0005 0.0055 0.011 
0 0 0 0 
0 0 0 0 
0 0 0.002 0.001 
0 0 0 0.0005 
0 0.0015 0.001 0 
0 0.0005 0.002 0.0005 
0 0.0055 0.001 0.0005 
0 0.0005 0 0 
0 0 0.001 0 
0 0.002 0 0 
0 0.0075 0 0 
0 0 0.0005 0 
0 0.0005 0.0005 0 
0 0 0.0015 0.002 
0 0 0.001 0 
0 0.0005 0.0005 0.0005 
0 0 0.0005 0.0005 
0 0 0.0015 0.001 
0 0 0 0 
0 0 0.002 0.0005 
0 0.001 0.001 0 
0 0.0005 0.0045 0 
0 0 0.0005 0 
0 0.001 0.0005 0 
0 0.003 0.0005 0 
0 0 0.001 0.0015 
0 0 0.0005 0.0005 
0 0.0005 0.0005 0 
0 0.0005 0.001 0 
0 0.001 0.0005 0.017 
0 0.0045 0.0035 0.0015 
0 0.0005 0.0005 0.007 
0 0 0.001 0.0005 
0 0.0025 0.0005 0.0045 
0 0 0 0.004 
0 0.0005 0.001 0.001 
0 0 0 0 
0 0 0.004 0 
0 0.0005 0.001 0.0005 
0 0.0025 0 0.0005 
0 0.0465 0 0.0005 
0 0.0005 0.0005 0.0005 
0 0.0005 0 0.0015 
0 0.0005 0.005 0.0015 
0 0.0015 0.001 0 
0 0.0115 0 0 
0 0 0 0.0005 
0 0.001 0.0005 0.001 
0 0.0005 0 0.001 
0 0 0.004 0.0005 
0 0.0005 0 0 
0 0.0005 0 0.0005 
0 0 0.001 0.001 
0 0.0005 0.0005 0.0015 
0 0.001 0 0.001 
0 0.0005 0.0005 0 
0 0.0005 0 0 
0 0.0055 0.005 0 
0 0.002 0.001 0 
0 0.0005 0.0005 0.002 
0 0.0115 0.001 0 
0 0.0005 0.0015 0.0005 
0 0.0005 0.001 0.0005 
0 0.0005 0.0015 0.001 
0 0 0.106 0.0015 
0 0.0005 0.001 0.0015 
0 0.001 0.001 0.006 
0 0 0 0.0005 
0 0 0 0 
0 0 0.005 0.001 
0 0.0005 0.0005 0.001 
0 0.001 0.0005 0.0005 
0 0 0.0025 0.087 
0 0.0005 0.0005 0 
0 0.0005 0.001 0.0005 
0 0.0005 0 0 
0 0.002 0.0005 0.001 
0 0.001 0.0005 0 
0 0.0005 0.0005 0.0035 
0 0 0 0.0005 
0 0.001 0 0 
0 0.0015 0.0005 0.0005 
0 0.0035 0.001 0.0005 
0 0.0005 0 0.001 
0 0 0.0105 0 
0 0.001 0.0045 0.001 
0 0 0.0015 0.0005 
0 0.004 0 0.0015 
0 0.001 0.003 0.001 
0 0 0.001 0.0005 
0 0 0 0 
0 0.0005 0.005 0.002 
0 0.0005 0 0.0005 
0 0 0.0005 0.001 
0 0.006 0.0005 0.002 
0 0 0 0.001 
0 0.008 0.0005 0.002 
0 0 0 0 
0 0.001 0 0 
0 0.0005 0.0005 0 
0 0.0015 0.0005 0.002 
0 0 0.0015 0.0005 
0 0.0075 0 0 
0 0.0005 0.001 0.0005 
0 0.0005 0.0005 0.0035 
0 0 0.001 0.001 
0 0.002 0 0.003 
0 0.0015 0.0005 0.001 
0 0.002 0 0.0015 
0 0 0.0005 0.0005 
0 0 0 0 
0 0.0005 0.0015 0.001 
0 0 0.004 0.0015 
0 0.0005 0 0.0015 
0 0.0005 0.0015 0.001 
0 0.0015 0 0.0015 
0 0.0005 0 0.0015 
0 0.0005 0.0015 0 
0 0.016 0.0005 0.0025 
0 0 0 0.001 
0 0.0005 0.0075 0.001 
0 0.003 0 0.002 
0 0.0015 0.0005 0 
0 0.0015 0 0.0015 
0 0.007 0.003 0 
0 0.002 0.0005 0.001 
0 0 0.002 0.001 
0 0 0.001 0 
0 0.0005 0.0085 0 
0 0.0005 0.0005 0.3445 
0 0.0005 0 0.002 
0 0.0005 0 0.001 
0 0.008 0.0005 0.0005 
0 0.0015 0 0.0015 
0 0.0005 0.003 0.0005 
0 0 0.001 0.0005 
0 0.0005 0.001 0 
0 0.0005 0.0005 0 
0 0.0005 0.0085 0.0005 
0 0.0005 0.009 0.0005 
0 0.0005 0.0005 0 
0 0.001 0.0005 0.0005 
0 0 0.0005 0 
0 0.0005 0.0005 0.003 
0 0 0.006 0.0015 
0 0 0.0005 0.001 
0 0.0035 0.001 0.0005 
0 0.003 0 0 
0 0 0.001 0.0005 
0 0.0005 0.001 0.0015 
0 0 0.0005 0.001 
0 0.005 0.001 0.0005 
0 0.0035 0.0015 0.0005 
0 0.006 0 0.0015 
0 0 0 0.0005 
0 0.002 0 0.0005 
0 0 0.0005 0.0005 
0 0 0.001 0.0005 
0 0.001 0.001 0.0005 
0 0.001 0.004 0 
0 0.0015 0.002 0.0005 
0 0 0.0005 0.001 
0 0 0 0 
0 0.0005 0.001 0 
0 0.001 0.0005 0 
0 0 0.0025 0.0085 
0 0 0.007 0 
0 0.0065 0.0005 0 
0 0.0005 0 0.0005 
0 0.009 0 0 
0 0 0.0005 0 
0 0.0005 0.0035 0.0005 
0 0.004 0 0 
0 0.0005 0.0075 0.005 
0 0.001 0 0.001 
0 0.0005 0.002 0 
0 0.0075 0.0015 0.001 
0 0.0095 0.0005 0.0025 
0 0.0005 0.001 0.002 
0 0 0.0005 0.001 
0 0.0005 0.0005 0.001 
0 0.0015 0.0035 0.001 
0 0.002 0.0005 0.0005 
0 0.004 0.001 0.0015 
0 0.0005 0.0015 0.0005 
0 0 0.0005 0 
0 0 0.0085 0 
0 0.0005 0.0035 0 
0 0.001 0 0.002 
0 0.001 0.0005 0.0005 
0 0.0005 0 0.0015 
0 0 0.0005 0 
0 0 0.0015 0.0005 
0 0.0005 0.0085 0.0015 
0 0.029 0 0.0005 
0 0.0025 0.0005 0.0005 
0 0.0015 0.001 0 
0 0 0.0015 0.0005 
0 0.001 0.0015 0.002 
0 0 0.0075 0.001 
0 0 0.001 0.001 
0 0.003 0.001 0 
0 0.002 0 0.001 
0 0.0025 0.001 0 
0 0.0005 0.001 0.0005 
0 0.001 0.001 0.0015 
0 0.006 0 0.0035 
0 0.001 0.001 0.0015 
0 0.0005 0.0005 0.0015 
0 0.0005 0.001 0.003 
0 0.0085 0 0 
0 0.0015 0 0 
0 0.0005 0 0.0005 
0 0 0.0005 0.0015 
0 0.0055 0 0 
0 0.002 0 0.0015 
0 0 0.001 0.0015 
0 0.0005 0.083 0 
0 0.001 0.0035 0.004 
0 0.002 0 0.0025 
0 0.0035 0.0005 0.0015 
0 0 0.0005 0 
0 0.0005 0.0005 0 
0 0.0045 0.0105 0.002 
0 0.0055 0.002 0.0005 
0 0.001 0 0 
0 0.0005 0 0 
0 0.001 0 0 
0 0 0.0005 0 
0 0.0035 0.0005 0.0015 
0 0.0005 0 0 
0 0.001 0.0005 0.0005 
0 0 0.0005 0.001 
0 0.0005 0 0.0105 
0 0.0005 0.0005 0 
0 0 0.0015 0 
0 0.0045 0 0 
0 0.0005 0.0005 0.002 
0 0.0095 0.0045 0.0005 
0 0.0015 0.0015 0 
0 0.0005 0 0 
0 0.001 0 0 
0 0.0005 0.0005 0.001 
0 0.0005 0.0015 0.0005 
0 0.004 0 0 
0 0.001 0.002 0.001 
0 0.023 0.001 0.002 
0 0 0.001 0.0005 
0 0.0005 0 0.007 
0 0.008 0.0005 0.0005 
0 0.0005 0 0.0015 
0 0.0005 0.003 0 
0 0 0 0 
0 0.001 0 0 
0 0.0015 0 0 
0 0.001 0.0005 0 
0 0.001 0 0 
0 0 0 0 
0 0.0005 0 0.0015 
0 0.0005 0.0005 0.001 
0 0 0.032 0 
0 0 0.004 0.002 
0 0 0.001 0.0005 
0 0.0015 0.0075 0.002 
0 0.0005 0.0005 0.0015 
0 0 0 0 
0 0.0015 0.0005 0.001 
0 0.0005 0.0005 0 
0 0 0.0005 0 
0 0.0005 0.0035 0 
0 0.003 0.001 0 
0 0.0015 0 0 
0 0.0005 0.007 0.0005 
0 0.0025 0.0005 0.0005 
0 0 0.002 0.002 
0 0.001 0.0015 0.0005 
0 0.0045 0.0005 0.0005 
0 0.0005 0 0.001 
0 0.005 0.0005 0.0005 
0 0 0.005 0.0015 
0 0.002 0.002 0.001 
0 0.0265 0.0005 0 
0 0.0015 0.012 0.016 
0 0.0145 0.002 0.001 
0 0.002 0 0.002 
0 0.0015 0 0.0035 
0 0.0005 0.0015 0.001 
0 0.005 0 0.004 
0 0.0005 0 0.0005 
0 0.0055 0.0025 0.0015 
0 0.0005 0.0005 0.0005 
0 0.0005 0.0025 0.0005 
0 0.0005 0.004 0.0005 
0 0 0.0005 0 
0 0.0005 0.0005 0.0005 
0 0 0 0.0015 
0 0 0 0.0005 
0 0.0005 0 0.001 
0 0.0005 0.0045 0 
0 0.005 0.0015 0.0005 
0 0 0.0005 0.0015 
0 0 0.0005 0 
0 0.0005 0.001 0 
0 0.0005 0 0.0015 
0 0.0015 0 0 
0 0 0.0005 0.0005 
0 0.001 0.005 0 
0 0 0.0015 0.0145 
0 0.002 0.0005 0.0005 
0 0.001 0.0005 0.0015 
0 0.0015 0.001 0 
0 0.001 0.005 0 
0 0 0 0 
0 0.002 0.0015 0.0015 
0 0 0 0.0045 
0 0.001 0.0005 0.0005 
0 0 0.0005 0.001 
0 0.073 0 0.001 
0 0.001 0 0 
0 0.001 0 0 
0 0 0.001 0.001 
0 0 0.0005 0 
0 0.0005 0.001 0.0015 
0 0.001 0.0005 0 
0 0.002 0 0.0005 
0 0.001 0 0 
0 0 0.0085 0.0005 
0 0.034 0.0035 0.0015 
0 0.001 0.0005 0 
0 0.002 0.009 0.001 
0 0 0.0075 0 
0 0.045 0.0005 0.0005 
0 0.0005 0.0005 0.0005 
0 0.0165 0.0005 0.0005 
0 0 0 0.0005 
0 0.0005 0.001 0.006 
0 0.003 0 0.0005 
0 0.0025 0.0105 0.0005 
0 0 0 0.0005 
0 0.001 0.0025 0.001 
0 0 0 0.001 
0 0 0.001 0 
0 0.003 0.0005 0.001 
0 0.0025 0.0025 0 
0 0.0895 0.0005 0 
0 0 0.001 0.0035 
0 0.001 0 0.0005 
0 0.0005 0.0005 0 
0 0.003 0.001 0.0015 
0 0.0005 0 0.001 
0 0.0005 0.0005 0 
0 0.006 0.001 0.0005 
0 0 0 0.0035 
0 0.001 0.0005 0.001 
0 0 0.002 0 
0 0.003 0.001 0.0045 
0 0.0005 0.0135 0.001 
0 0 0 0.0005 
0 0 0.0005 0 
0 0 0.0005 0.002 
0 0 0.001 0.01 
0 0 0.001 0 
0 0 0 0.0005 
0 0.007 0.0005 0.0005 
0 0.0005 0 0.0015 
0 0 0.003 0.0005 
0 0 0 0.0005 
0 0.001 0.0005 0.0005 
0 0 0 0.0005 
0 0.0005 0 0.001 
0 0.0005 0.0045 0.004 
0 0.0005 0.001 0.003 
0 0.0015 0.001 0.001 
0 0.001 0.0065 0.001 
0 0.005 0.001 0.0005 
0 0.003 0 0 
0 0 0.0005 0 
0 0.0005 0 0.0005 
0 0.017 0.0005 0 
0 0.0015 0 0 
0 0 0.001 0.0015 
0 0.001 0 0.001 
0 0 0.0005 0.001 
0 0 0.001 0 
0 0.0085 0.0045 0.0005 
0 0.001 0 0.002 
0 0.019 0 0 
0 0.001 0 0.0005 
0 0 0 0 
0 0.001 0.0005 0.0005 
0 0.0025 0.0015 0.0005 
0 0.062 0.0005 0.0005 
0 0.0005 0.0055 0.0005 
0 0.0565 0.0335 0.0005 
0 0.0005 0.0005 0 
0 0 0.001 0.0005 
0 0.001 0.0015 0.001 
0 0.001 0 0 
0 0.0005 0.001 0.001 
0 0.0005 0.001 0.004 
0 0 0.0065 0 
0 0.001 0 0.001 
0 0 0.001 0.002 
0 0.001 0.001 0.0005 
0 0.0025 0.0015 0 
0 0 0.001 0.0005 
0 0 0.0015 0.0005 
0 0 0.0005 0 
0 0.001 0.0015 0.003 
0 0 0 0.001 
0 0 0.001 0 
0 0 0 0.0015 
0 0.0005 0.0005 0 
0 0 0.0015 0.0005 
0 0 0 0.0005 
0 0 0.001 0 
0 0.001 0.0005 0.0005 
0 0.0025 0.0005 0 
0 0 0 0.0025 
0 0 0 0 
0 0 0 0.0005 
0 0 0.0005 0.001 
0 0 0.006 0.001 
0 0.0005 0.001 0.001 
0 0.0675 0 0 
0 0.001 0 0.0015 
0 0.0005 0 0.002 
0 0 0.0015 0.0015 
0 0.0005 0.0005 0 
0 0.0025 0.001 0 
0 0.0005 0 0.001 
0 0.001 0 0.0025 
0 0.0005 0 0 
0 0.0005 0.0005 0.0075 
0 0 0.001 0 
0 0.0475 0.023 0.0005 
0 0 0.002 0.0005 
0 0.001 0.0015 0 
0 0.0005 0.002 0 
0 0.0005 0 0.0005 
0 0.0025 0.001 0 
0 0.0075 0 0.0005 
0 0.001 0.002 0.0035 
0 0.0005 0.0005 0.0005 
0 0 0.0015 0.0025 
0 0 0 0 
0 0.002 0.0005 0 
0 0.0005 0.0005 0 
0 0.0065 0.0035 0.0005 
0 0 0 0.0005 
0 0 0.001 0.0005 
0 0.0005 0.0015 0 
0 0.0015 0.0005 0.001 
0 0.0005 0 0.0005 
0 0.0005 0.0005 0 
0 0.0005 0 0.001 
0 0 0 0 
0 0.005 0.0045 0.001 
0 0.0005 0.0015 0 
0 0.0155 0 0.0715 
0 0 0.0005 0.016 
0 0.001 0.001 0 
0 0 0.002 0.015 
0 0.0005 0.001 0.0005 
0 0.0005 0 0.0005 
0 0.0005 0.0015 0.0005 
0 0.0005 0 0.007 
0 0 0.0195 0.001 
0 0.001 0.002 0 
0 0.0005 0.0005 0.001 
0 0.0005 0.002 0 
0 0 0.0005 0.0005 
0 0.0035 0.005 0 
0 0.0025 0.0005 0 
0 0 0 0 
0 0.001 0.0005 0.0005 
0 0.006 0.0005 0.0005 
0 0.0005 0.0005 0.001 
0 0.0005 0.0005 0 
0 0.0015 0.001 0.0005 
0 0.015 0.0015 0 
0 0.002 0 0.0035 
0 0.0005 0.011 0 
0 0.0005 0.0005 0 
0 0 0.006 0.002 
0 0.0015 0 0.001 
0 0.0005 0.0005 0.001 
0 0.009 0.0015 0.118 
0 0.002 0.0005 0.0025 
0 0 0.0005 0.0005 
0 0.001 0 0.01 
0 0.0005 0.1105 0.001 
0 0.001 0 0 
0 0 0 0.0025 
0 0.0025 0 0 
0 0.0005 0.0045 0 
0 0 0 0 
0 0.0005 0.0015 0.001 
0 0.0005 0 0 
0 0.0015 0.003 0.001 
0 0.0065 0.0005 0 
0 0.001 0 0.0005 
0 0 0.001 0.0015 
0 0 0.004 0 
0 0 0.0045 0.0005 
0 0.0005 0.0005 0 
0 0.0065 0.001 0.0045 
0 0.006 0 0.0005 
0 0 0.0015 0.001 
0 0.0005 0.002 0.002 
0 0.001 0.0005 0 
0 0.0005 0.0005 0 
0 0.001 0.0015 0 
0 0 0 0.0005 
0 0 0.0015 0 
0 0 0.001 0.0005 
0 0 0.001 0.035 
0 0 0.0005 0.001 
0 0.0005 0.001 0.003 
0 0 0.002 0.001 
0 0 0 0 
0 0.0035 0.0005 0 
0 0.0005 0.0005 0.0005 
0 0.0005 0.001 0 
0 0.003 0.0005 0 
0 0.0005 0.0005 0.001 
0 0.0005 0 0 
0 0.0005 0 0.0005 
0 0.034 0.0005 0.0005 
0 0.0005 0.0005 0 
0 0.001 0.001 0.0005 
0 0.001 0.011 0 
0 0.001 0.003 0 
0 0 0.0005 0.0005 
0 0 0 0.0005 
0 0 0.001 0.001 
0 0.0035 0 0 
0 0.001 0.0025 0.0015 
0 0 0.001 0.001 
0 0.001 0 0.001 
0 0.0015 0.0005 0.001 
0 0.176 0.0025 0.0355 
0 0.0005 0.008 0.0005 
0 0 0.002 0 
0 0.001 0 0.001 
0 0 0 0.004 
0 0 0 0.001 
0 0.006 0 0.0015 
0 0 0.0015 0.001 
0 0.0025 0 0 
0 0.0015 0 0.0005 
0 0 0.001 0.002 
0 0.001 0 0.0005 
0 0 0.012 0.0005 
0 0.0005 0.001 0.001 
0 0 0 0.0005 
0 0.446 0.004 0.0005 
0 0.002 0.0035 0 
0 0.0015 0 0.0005 
0 0.0005 0.003 0 
0 0.007 0.0005 0.0005 
0 0.0005 0.0005 0 
0 0.0375 0 0.001 
0 0.0055 0 0.0015 
0 0.0045 0.0005 0.0005 
0 0 0 0 
0 0.0005 0.001 0.0005 
0 0 0.0005 0.0005 
0 0.0005 0.014 0.001 
0 0 0.0005 0.0005 
0 0 0.0015 0.0075 
0 0.0005 0.009 0.0045 
0 0 0.001 0.0005 
0 0 0.0005 0.0005 
0 0 0 0.0005 
0 0.0015 0.004 0 
0 0.0005 0.0295 0.0005 
0 0 0.001 0.0005 
0 0.0005 0.0005 0.001 
0 0.036 0 0 
0 0.0005 0.0005 0.001 
0 0.0005 0.001 0.0015 
0 0.0005 0.001 0.0005 
0 0.002 0.0005 0.001 
0 0 0.0005 0.001 
0 0.0005 0 0.0005 
0 0.001 0 0.001 
0 0.0005 0.0005 0 
0 0 0 0.001 
0 0 0 0.001 
0 0.0005 0 0.001 
0 0 0.0005 0 
0 0.004 0.002 0 
0 0.003 0.0015 0.0005 
0 0.0005 0.001 0.001 
0 0 0 0.0005 
0 0.0005 0.001 0.0005 
0 0.001 0 0 
0 0.0005 0 0 
0 0.001 0.002 0.001 
0 0.005 0.004 0.0005 
0 0.0005 0.001 0.0525 
0 0.001 0 0.0005 
0 0.0005 0.0015 0.0005 
0 0 0.0005 0 
0 0.002 0.0005 0.0005 
0 0.001 0 0.001 
0 0.0005 0.0005 0.0005 
0 0.001 0.0005 0.001 
0 0.0005 0.0005 0.001 
0 0.0225 0.008 0.002 
0 0 0 0.0035 
0 0.0005 0.0025 0.0005 
0 0.001 0.0025 0.0005 
0 0.0005 0.001 0.002 
0 0.002 0.0005 0.001 
0 0.003 0.0005 0.001 
0 0 0 0.0015 
0 0 0.002 0.003 
0 0.001 0 0.0005 
0 0 0.003 0.002 
0 0.0005 0.001 0.001 
0 0.0005 0 0.001 
0 0 0.0005 0.0005 
0 0.0005 0.002 0.0005 
0 0 0.0005 0.0005 
0 0.1835 0 0 
0 0.0015 0.0005 0.023 
0 0.001 0.001 0.0015 
0 0.001 0.0005 0 
0 0.0005 0.001 0 
0 0.0025 0.001 0 
0 0 0.0015 0.0005 
0 0.0045 0 0 
0 0.0075 0.0005 0.0015 
0 0 0 0 
0 0.003 0.001 0.0015 
0 0.0005 0 0.001 
0 0.006 0.001 0 
0 0.001 0 0 
0 0 0.0005 0.001 
0 0 0 0 
0 0.0015 0.031 0.021 
0 0.0005 0 0.0005 
0 0.019 0.0015 0 
0 0 0.002 0 
0 0 0 0.0005 
0 0.0005 0 0.0005 
0 0 0.001 0 
0 0.0005 0.0005 0.0005 
0 0 0 0 
0 0 0 0.001 
0 0.0005 0.001 0.012 
0 0.023 0.0015 0.006 
0 0.003 0.0055 0.001 
0 0.0915 0.001 0.0005 
0 0.0005 0.0005 0 
0 0.0005 0.0155 0.0005 
0 0.001 0.0005 0.0005 
0 0 0.0015 0 
0 0.001 0.0005 0.0005 
0 0.003 0.015 0.0005 
0 0 0 0.0005 
0 0.0005 0.002 0.002 
0 0.0005 0.001 0.0005 
0 0.019 0.0055 0 
0 0.001 0.0005 0.0015 
0 0.0005 0.001 0 
0 0.0005 0.0005 0 
0 0.109 0 0.001 
0 0.0005 0 0 
0 0.001 0 0.0015 
0 0 0 0 
0 0.0105 0.0065 0.0015 
0 0.0005 0.0005 0.0005 
0 0.0015 0 0 
0 0 0.0005 0.0005 
0 0.0045 0.002 0.006 
0 0.1365 0.003 0 
0 0.0255 0.0005 0 
0 0 0 0.001 
0 0.001 0 0 
0 0 0.001 0 
0 0.009 0.0005 0 
0 0 0.0005 0 
0 0.0005 0 0.002 
0 0 0.001 0.001 
0 0.0025 0.0085 0.0005 
0 0.0005 0.0025 0.0005 
0 0.0005 0.0005 0.0015 
0 0.001 0.0005 0.001 
0 0.002 0.001 0.001 
0 0 0.001 0 
0 0.0005 0.002 0 
0 0.002 0 0 
0 0.001 0.001 0.001 
0 0.006 0.0025 0 
0 0.002 0.0025 0.001 
0 0.0125 0 0.001 
0 0 0 0.0005 
0 0.002 0.0005 0.0005 
0 0.001 0.0005 0 
0 0 0 0.0015 
0 0.0005 0 0.0065 
0 0 0.0015 0.0005 
0 0.0005 0.001 0 
0 0 0.0015 0.001 
0 0.001 0.0005 0.001 
0 0.002 0 0.0005 
0 0.0035 0.001 0.0005 
0 0 0 0.0065 
0 0.004 0 0 
0 0.001 0.0015 0.003 
0 0 0.0025 0 
0 0.0005 0.0005 0.001 
0 0.0005 0.0005 0 
0 0.002 0 0.0005 
0 0.0005 0.003 0.0005 
0 0 0.0005 0 
0 0.0005 0.001 0 
0 0 0 0.0005 
0 0.001 0 0.0025 
0 0 0.0005 0.004 
0 0 0.0005 0.003 
0 0.0005 0.0005 0.0005 
0 0 0.0015 0.0005 
0 0 0.0115 0.0005 
0 0 0.001 0.0005 
0 0.0015 0.003 0 
0 0.005 0.0005 0.0005 
0 0.005 0.0005 0.0055 
0 0.0005 0 0.0015 
0 0.001 0.0505 0.0035 
0 0 0.001 0.016 
0 0.001 0.001 0 
0 0.001 0 0.001 
0 0.0005 0.001 0 
0 0.004 0.001 0.0005 
0 0.002 0.0005 0.001 
0 0.0005 0 0.015 
0 0.0005 0 0 
0 0.001 0.001 0 
0 0 0.0005 0.002 
0 0 0.0025 0 
0 0 0.0005 0.0005 
0 0.029 0.0015 0.0015 
0 0.0015 0.0005 0.0015 
0 0.0015 0.003 0.0045 
0 0.0005 0.0005 0.001 
0 0 0 0.0005 
0 0.0005 0.001 0.002 
0 0 0 0.0015 
0 0 0 0.0045 
0 0.004 0 0.0005 
0 0.0015 0.0005 0.0085 
0 0.001 0.002 0.0005 
0 0.0185 0.002 0.0005 
0 0.0005 0 0.0005 
0 0 0.0005 0 
0 0.0025 0.0005 0 
0 0.0005 0 0 
0 0.0005 0.002 0.0005 
0 0 0 0.0025 
0 0.001 0 0.001 
0 0 0.0005 0.0005 
0 0 0 0.032 
0 0.0005 0.0055 0 
0 0.001 0.0005 0.0005 
0 0.0005 0.004 0 
0 0.0005 0.004 0.002 
0 0.001 0 0.001 
0 0.0005 0.001 0 
0 0.0015 0 0.0035 
0 0.001 0.005 0.001 
0 0.006 0.0025 0 
0 0.001 0 0 
0 0.0005 0 0.0005 
0 0.0005 0.002 0 
0 0 0.0025 0 
0 0.0005 0.001 0 
0 0.0015 0.001 0.0005 
0 0 0.0005 0.0005 
0 0 0 0.001 
0 0.0015 0 0 
0 0.0005 0.0015 0.002 
0 0.0025 0.0005 0.001 
0 0.0005 0 0.0005 
0 0 0.0005 0 
0 0.001 0.0005 0 
0 0.0025 0.0005 0.017 
0 0.001 0.003 0.0005 
0 0.005 0.001 0.0005 
0 0.002 0.0175 0 
0 0 0.001 0.006 
0 0.0005 0.001 0.0005 
0 0.0005 0.001 0 
0 0.0005 0 0 
0 0.0005 0.0005 0.0005 
0 0.007 0.001 0 
0 0.001 0 0.0005 
0 0 0.0005 0.0145 
0 0.0015 0 0 
0 0.0005 0.0005 0 
0 0.0005 0 0.0005 
0 0.0045 0.0015 0 
0 0.0045 0.006 0 
0 0.0015 0.002 0 
0 0 0 0.0005 
0 0.0005 0 0.0005 
0 0.0005 0.001 0.001 
0 0.003 0.005 0.0005 
0 0.0005 0.002 0.0005 
0 0.0095 0.0005 0.0005 
0 0.001 0.0015 0.001 
0 0 0.001 0.0005 
0 0.0005 0.0015 0.0005 
0 0.001 0.001 0.001 
0 0 0.0025 0.0025 
0 0.0085 0.0005 0.0005 
0 0.0005 0.001 0.001 
0 0.001 0.001 0.0025 
0 0.0005 0.0015 0.003 
0 0.0005 0.001 0.001 
0 0.0005 0.0005 0 
0 0.0005 0.0005 0.0015 
0 0 0.0035 0.001 
0 0 0 0.003 
0 0.001 0.001 0 
0 0.0005 0 0.002 
0 0 0.0005 0.0015 
0 0.002 0.002 0.004 
0 0 0.001 0.001 
0 0.004 0.001 0.0005 
0 0.001 0.0005 0.0255 
0 0.001 0.003 0.001 
0 0.0055 0.001 0 
0 0.001 0 0.024 
0 0.0015 0.001 0 
0 0.0005 0.001 0.0005 
0 0.0255 0.0005 0.0055 
0 0.0005 0.0005 0 
0 0.0005 0.0045 0.001 
0 0 0.0005 0 
0 0 0.001 0.0005 
0 0.001 0.0005 0 
0 0.0025 0 0.002 
0 0.0005 0 0.0015 
0 0.001 0.002 0.001 
0 0 0.0045 0 
0 0.0025 0.0005 0.0005 
0 0 0.0005 0 
0 0 0.0015 0 
0 0.001 0.0095 0 
0 0.0005 0 0.001 
0 0 0 0 
0 0 0 0.0005 
0 0 0.001 0.0005 
0 0.0015 0.0005 0.001 
0 0 0.004 0.0015 
0 0.001 0 0.001 
0 0.0005 0.0015 0.0005 
0 0 0.0005 0.0005 
0 0 0 0.0035 
0 0.0005 0.0005 0 
0 0.008 0 0.001 
0 0 0.001 0.0005 
0 0.0005 0.013 0.0005 
0 0.0005 0.0005 0.0005 
0 0.001 0.0005 0.0005 
0 0.035 0.001 0.004 
0 0.0005 0 0.0005 
0 0.0005 0.0045 0.001 
0 0 0.002 0.0005 
0 0.0045 0.001 0.0005 
0 0.0005 0 0 
0 0.001 0 0 
0 0.0015 0.013 0.0095 
0 0.002 0 0 
0 0.0005 0 0.0005 
0 0.001 0.0015 0.001 
0 0.0045 0.0005 0 
0 0 0 0.0005 
0 0.001 0 0 
0 0.0005 0.001 0.0015 
0 0 0 0.0005 
0 0.001 0.004 0 
0 0.001 0.0005 0 
0 0.0005 0.0005 0.0005 
0 0.0005 0.001 0.001 
0 0 0 0.0025 
0 0 0.0005 0 
0 0.004 0.001 0.0005 
0 0.001 0.001 0.0005 
0 0.0005 0.0025 0.0005 
0 0 0.001 0.0015 
0 0.0005 0 0 
0 0.0005 0.0015 0 
0 0.0065 0.0015 0 
0 0 0 0.001 
0 0 0.0005 0 
0 0.0045 0 0.003 
0 0.001 0.0035 0.001 
0 0.0005 0.0005 0.0005 
0 0.0125 0.0015 0.001 
0 0.0005 0 0 
0 0 0.002 0 
0 0 0.001 0 
0 0.0005 0 0.0005 
0 0.0005 0.0225 0.0005 
0 0 0.0005 0.001 
0 0 0.0005 0.0005 
0 0.001 0 0.001 
0 0 0.0035 0.001 
0 0.003 0.055 0.003 
0 0.0005 0 0.001 
0 0.0005 0.001 0.0005 
0 0.0005 0 0.0015 
0 0.0005 0.001 0.001 
0 0.0025 0.0045 0.0005 
0 0.001 0.0015 0 
0 0.0005 0.0005 0.001 
0 0.0005 0 0.0015 
0 0.0005 0.012 0.002 
0 0.001 0.0005 0.001 
0 0.0025 0.0005 0 
0 0.0005 0 0 
0 0 0.005 0.0005 
0 0 0.0095 0.017 
0 0.0005 0.002 0.002 
0 0 0.0105 0.0005 
0 0 0.001 0.001 
0 0.0005 0.001 0.001 
0 0 0.001 0.0015 
0 0 0.0025 0.006 
0 0.0015 0.0005 0.0005 
0 0.0005 0 0.005 
0 0.0005 0.0005 0.001 
0 0.0005 0.002 0 
0 0.0015 0.003 0.002 
0 0.001 0.0005 0.0005 
0 0 0.0005 0 
0 0 0.0005 0 
0 0.0035 0.0015 0.003 
0 0.005 0 0.001 
0 0 0 0.001 
0 0.0005 0.001 0.01 
0 0.001 0 0 
0 0.001 0.0005 0.0005 
0 0.001 0 0.0015 
0 0 0 0.0175 
0 0.0005 0.001 0.001 
0 0.0005 0.0065 0.015 
0 0 0.0015 0 
0 0.0005 0 0.0005 
0 0.001 0 0.0005 
0 0 0 0.0005 
0 0.0005 0.065 0.0005 
0 0 0 0 
0 0.0005 0.0005 0 
0 0 0.0005 0.0005 
0 0 0 0 
0 0.0005 0.0005 0.0005 
0 0.001 0 0.0015 
0 0.0005 0.0005 0.001 
0 0.001 0 0 
0 0.0005 0.0035 0.001 
0 0.003 0 0.002 
0 0.003 0.0005 0.004 
0 0.0005 0 0.0005 
0 0 0.0035 0.0005 
0 0 0.0005 0.0005 
0 0.0015 0.0005 0.001 
0 0.002 0 0.002 
0 0.0005 0.001 0 
0 0.0015 0.001 0.0005 
0 0.0005 0.003 0.0005 
0 0.005 0.0005 0 
0 0 0 0.0005 
0 0.0015 0.0015 0 
0 0 0.003 0.001 
0 0.0005 0 0.0025 
0 0.0055 0 0.0005 
0 0.003 0 0.002 
0 0.0005 0.0015 0.0005 
0 0 0.0005 0.1645 
0 0 0.005 0 
0 0.001 0.0135 0.0005 
0 0 0 0.0015 
0 0.0005 0.0005 0 
0 0.006 0.0015 0.001 
0 0 0 0.0005 
0 0.004 0 0.001 
0 0.0005 0 0 
0 0 0.048 0 
0 0.0035 0.001 0.001 
0 0.001 0 0.0005 
0 0.01 0 0 
0 0.001 0.005 0 
0 0.014 0 0 
0 0.0055 0.001 0.002 
0 0.0015 0 0.003 
0 0.0005 0.0005 0.0015 
0 0.0005 0.002 0 
0 0.0005 0.0045 0.0005 
0 0.0005 0.0015 0.0005 
0 0.002 0 0.0005 
0 0.002 0.001 0 
0 0.0015 0.0015 0 
0 0.001 0 0 
0 0.009 0 0.0005 
0 0.012 0.0005 0.002 
0 0.004 0 0 
0 0 0.001 0.0005 
0 0.0085 0.001 0.002 
0 0.007 0 0.001 
0 0.001 0.0005 0.0005 
0 0.013 0.0005 0 
0 0.012 0.0145 0.0035 
0 0.004 0.001 0 
0 0 0 0.0005 
0 0 0.0025 0.0085 
0 0 0 0 
0 0.0005 0.0015 0.002 
0 0 0.001 0.0015 
0 0.001 0.002 0.0015 
0 0 0.0005 0 
0 0.0025 0.001 0.0005 
0 0.0005 0.0005 0.0005 
0 0.0005 0.0005 0 
0 0.0005 0.001 0.0005 
0 0.0025 0.0005 0 
0 0.0005 0.0015 0.013 
0 0.001 0.001 0.0005 
0 0.0015 0 0.0005 
0 0.003 0.001 0.001 
0 0.0005 0.0345 0.0025 
0 0.0015 0.001 0.001 
0 0.002 0.0005 0.0005 
0 0 0.0005 0 
0 0.001 0.001 0.001 
0 0 0 0 
0 0.0025 0 0.001 
0 0.0035 0.0015 0.0005 
0 0 0 0.001 
0 0.0015 0.0005 0 
0 0.0005 0.001 0.0005 
0 0.001 0.0005 0.0005 
0 0 0.0005 0 
0 0 0.0075 0.0005 
0 0 0.0025 0.0005 
0 0.0005 0 0 
0 0 0.002 0.0005 
0 0.0025 0.025 0.001 
0 0 0 0 
0 0.0005 0 0.0005 
0 0.038 0.0005 0 
0 0 0.001 0.0015 
0 0 0.0025 0.004 
0 0 0.0005 0.0015 
0 0 0.0005 0 
0 0.0005 0.001 0.0005 
0 0.0035 0 0.0005 
0 0.001 0.0015 0 
0 0.0005 0.0005 0.0055 
0 0.0025 0.0005 0.001 
0 0 0.012 0 
0 0.0015 0 0.001 
0 0 0.001 0.001 
0 0.0005 0.0005 0 
0 0.0005 0.0065 0.0005 
0 0.005 0.002 0.003 
0 0.002 0.0015 0.0015 
0 0 0 0.001 
0 0.0015 0 0.0005 
0 0.003 0.001 0.0005 
0 0.001 0.0035 0.001 
0 0.0005 0.002 0 
0 0.0045 0.005 0 
0 0.0105 0 0 
0 0.001 0.001 0.002 
0 0 0.001 0.0015 
0 0.002 0.001 0 
0 0.0005 0.0005 0.0005 
0 0.0005 0.0025 0.0005 
0 0 0 0 
0 0.008 0.0015 0 
0 0.0005 0.0005 0.017 
0 0.001 0 0.001 
0 0.0015 0.001 0 
0 0.001 0.0005 0.0005 
0 0.0055 0 0.0015 
0 0.0035 0.001 0.0055 
0 0.001 0.0005 0.001 
0 0.0005 0.0005 0.0005 
0 0.0005 0.001 0.001 
0 0.0025 0.0025 0.0125 
0 0.0015 0.0015 0.0015 
0 0.002 0.0005 0.001 
0 0.0245 0.001 0.001 
0 0.0005 0.0005 0.0045 
0 0 0.001 0 
0 0.001 0 0.001 
0 0.0005 0.0005 0.0005 
0 0.0005 0.001 0 
0 0.001 0 0 
0 0.0015 0.001 0.001 
0 0.0015 0.0005 0 
0 0 0.001 0 
0 0.001 0.004 0.0005 
0 0.001 0.0005 0.0015 
0 0 0.0005 0 
0 0.0005 0.002 0.0005 
0 0 0.0015 0.0005 
0 0 0.0005 0.0005 
0 0.0005 0.001 0.001 
0 0 0.0025 0 
0 0.002 0.0005 0.026 
0 0.0005 0.015 0 
0 0.0005 0 0.002 
0 0 0 0.001 
0 0.001 0.0005 0 
0 0 0.0005 0.0005 
0 0.004 0.0025 0 
0 0.0005 0 0 
0 0.0005 0 0.0025 
0 0.0015 0.0955 0.001 
0 0.001 0.001 0.001 
0 0.001 0.0005 0.001 
0 0.001 0.001 0.0005 
0 0.0005 0.0015 0.0005 
0 0.001 0 0.0005 
0 0.001 0.002 0.001 
0 0.004 0 0 
0 0.0005 0 0 
0 0 0 0.0015 
0 0 0.001 0.001 
0 0.0005 0 0.002 
0 0.0015 0.001 0 
0 0.0005 0.001 0.0005 
0 0 0 0.0165 
0 0.007 0.001 0.004 
0 0 0.0155 0.0005 
0 0.0205 0 0.0005 
0 0.0315 0 0 
0 0.0005 0 0.001 
0 0.0005 0 0.001 
0 0.004 0.001 0.001 
0 0 0 0 
0 0 0.0005 0.0005 
0 0 0.0035 0.0005 
0 0 0 0.001 
0 0.0005 0.0025 0 
0 0.003 0.0035 0.0015 
0 0.0005 0.001 0.0005 
0 0.006 0.0015 0 
0 0 0.0005 0.0005 
0 0.0005 0.0025 0 
0 0 0.0025 0.0005 
0 0.01 0 0.0125 
0 0.0005 0 0 
0 0.001 0.0005 0.0015 
0 0 0.005 0.0015 
0 0.0115 0.0065 0.001 
0 0 0.0005 0.0005 
0 0.001 0.005 0.0005 
0 0.005 0 0 
0 0.0005 0.0025 0 
0 0.001 0.0005 0.0005 
0 0.0015 0.001 0.0005 
0 0 0.001 0.0005 
0 0 0.001 0 
0 0.0005 0.0025 0.0025 
0 0.0005 0 0.0065 
0 0.0005 0 0.0005 
0 0.004 0.0005 0.004 
0 0 0.001 0.001 
0 0.0005 0.0015 0 
0 0 0.001 0.0015 
0 0.0015 0.0015 0.001 
0 0 0.0025 0 
0 0.005 0.0025 0 
0 0 0.001 0 
0 0.0025 0 0.0015 
0 0.029 0.0005 0.0005 
0 0.0005 0.0535 0.0005 
0 0.001 0.001 0.0005 
0 0.001 0.0005 0 
0 0 0.001 0.001 
0 0.001 0.001 0 
0 0.0005 0.003 0.0005 
0 0 0 0.001 
0 0 0 0 
0 0.0005 0 0.0055 
0 0.0005 0.001 0.0005 
0 0.001 0.0015 0.001 
0 0.0025 0.0005 0.0015 
0 0.002 0 0.0015 
0 0.003 0.0005 0 
0 0 0 0 
0 0.001 0.002 0.001 
0 0 0.0005 0.008 
0 0 0.0005 0.0005 
0 0 0 0.001 
0 0.002 0.0045 0 
0 0.0015 0.001 0.0005 
0 0.0005 0.0015 0.001 
0 0.001 0.0005 0 
0 0.0005 0 0.0025 
0 0.06 0.0015 0.001 
0 0 0 0.002 
0 0 0.005 0.072 
0 0.001 0.0005 0.0005 
0 0.0005 0.001 0 
0 0.0025 0 0.003 
0 0 0.0005 0.0015 
0 0.0005 0 0.0015 
0 0 0.0005 0 
0 0.0005 0.001 0.0015 
0 0 0.0005 0.0015 
0 0 0.0005 0 
0 0 0 0 
0 0 0.0005 0.0005 
0 0.0005 0.0095 0.0005 
0 0.0005 0.0135 0.0005 
0 0 0.0005 0.001 
0 0.0005 0.0005 0.0015 
0 0.0015 0 0.0025 
0 0.0005 0.0005 0 
0 0 0.011 0.003 
0 0.0085 0 0.0005 
0 0 0.0005 0.0005 
0 0 0.0005 0.0005 
0 0 0.0005 0 
0 0.0005 0.002 0.0005 
0 0.001 0.0145 0.0035 
0 0.0005 0.0005 0.0015 
0 0 0.001 0.0005 
0 0.002 0 0.0005 
0 0.318 0.0005 0 
0 0.0005 0.001 0.0005 
0 0.002 0 0 
0 0.003 0.0005 0 
0 0.0025 0 0.0005 
0 0.007 0.0005 0.0015 
0 0.009 0.001 0.0005 
0 0 0.0045 0.0005 
0 0.0005 0 0.0305 
0 0.0005 0.0005 0 
0 0.001 0 0.002 
0 0.003 0.001 0.0015 
0 0 0.001 0.0015 
0 0.001 0.001 0.0005 
0 0.0005 0.0035 0.0005 
0 0 0.0005 0.001 
0 0.0005 0.001 0 
0 0 0.001 0.0015 
0 0.001 0.0005 0.002 
0 0 0.0045 0.0015 
0 0.0485 0.0005 0 
0 0.0035 0 0 
0 0.003 0.0005 0 
0 0.003 0 0 
0 0.0005 0.0005 0 
0 0.0015 0.0005 0.0005 
0 0 0.0155 0.001 
0 0 0.0025 0.0005 
0 0 0.0005 0.0005 
0 0.0015 0.0015 0.0015 
0 0 0.001 0 
0 0.0005 0 0.001 
0 0 0 0.0005 
0 0.001 0.0005 0 
0 0 0.0005 0 
0 0.002 0 0.0055 
0 0.0005 0.0005 0.002 
0 0 0.0005 0.0005 
0 0 0.0015 0.0005 
0 0.0005 0.0015 0.001 
0 0.0015 0 0.001 
0 0 0.0015 0.0005 
0 0.0005 0 0 
0 0.0035 0.009 0.0005 
0 0.0025 0.0015 0 
0 0.0005 0 0.0025 
0 0 0.0005 0.0105 
0 0.0005 0.0005 0 
0 0.0005 0.001 0.0005 
0 0.0015 0 0.0005 
0 0 0.0005 0.007 
0 0.0005 0.001 0.0045 
0 0.0005 0.0075 0.0005 
0 0 0.001 0 
0 0.003 0.001 0.0015 
0 0.0005 0.002 0.0015 
0 0.0005 0.0015 0.003 
0 0 0.001 0.0005 
0 0.007 0 0.001 
0 0.0015 0 0.0015 
0 0.0015 0.0005 0.0245 
0 0.002 0.001 0 
0 0 0.0005 0.0005 
0 0.004 0.0005 0 
0 0.002 0.0025 0.0005 
0 0.001 0 0.001 
0 0.0005 0 0.002 
0 0 0.0005 0.001 
0 0.001 0.001 0 
0 0 0.001 0 
0 0.0005 0.0005 0.0005 
0 0.0015 0.0075 0.001 
0 0 0 0.0005 
0 0.0005 0 0 
0 0 0.0005 0 
0 0.0005 0.0015 0.003 
0 0.001 0.0005 0.007 
0 0 0.0015 0.0045 
0 0.0015 0.0005 0 
0 0 0.001 0.001 
0 0.0025 0 0.0005 
0 0.0005 0.0165 0 
0 0 0.0195 0.0015 
0 0.0005 0.0005 0.0005 
0 0.0015 0 0 
0 0.001 0 0.001 
0 0.0115 0.0005 0.0075 
0 0 0 0.001 
0 0.001 0 0.001 
0 0.0005 0.0045 0 
0 0.0005 0.0015 0 
0 0 0 0.001 
0 0.0005 0.0005 0.001 
0 0.0005 0.0005 0 
0 0.0005 0 0 
0 0.001 0 0.0005 
0 0 0 0 
0 0 0 0.0005 
0 0.006 0.001 0.0005 
0 0.002 0.0005 0.0015 
0 0 0 0 
0 0.001 0.0005 0 
0 0 0.0005 0.001 
0 0.0005 0.0005 0.001 
0 0.0005 0.0005 0 
0 0 0.0005 0 
0 0.0005 0 0 
0 0.0005 0.0005 0.0005 
0 0.0025 0.0005 0.0005 
0 0 0.001 0.02 
0 0.0005 0.001 0.001 
0 0.002 0.0015 0.002 
0 0 0.0005 0.001 
0 0.0095 0.0135 0 
0 0.0005 0.0005 0.0005 
0 0 0.0005 0 
0 0.001 0.0005 0.004 
0 0.0005 0.009 0.0005 
0 0.0005 0 0 
0 0.0005 0.0045 0.0005 
0 0.0015 0 0.0015 
0 0.0015 0.0015 0 
0 0.001 0 0.0005 
0 0 0 0 
0 0.0155 0.004 0.002 
0 0 0.003 0 
0 0.001 0.027 0.002 
0 0.0045 0.022 0.0005 
0 0.0005 0.0005 0.0005 
0 0.0035 0.034 0 
0 0.0005 0 0.002 
0 0.0085 0 0.0025 
0 0.0015 0.0035 0.0005 
0 0 0 0.001 
0 0.0005 0.0005 0.004 
0 0.0025 0.0035 0.0145 
0 0 0 0.002 
0 0.0005 0.0045 0.0005 
0 0.0005 0.001 0.0005 
0 0 0 0.0005 
0 0.001 0.001 0.001 
0 0.0005 0.0005 0.0075 
0 0 0.0005 0.0015 
0 0.001 0.002 0.002 
0 0.0015 0.001 0 
0 0 0.0015 0.0015 
0 0.0005 0.001 0 
0 0 0.0015 0.002 
0 0.001 0.0025 0 
0 0.0005 0 0.0005 
0 0 0.0015 0.004 
0 0.0065 0.0025 0.0005 
0 0.0005 0 0 
0 0.0015 0 0.0145 
0 0.0005 0 0 
0 0.0925 0.0005 0.0025 
0 0.1985 0.0015 0.0005 
0 0 0.0005 0.0055 
0 0 0.0205 0 
0 0 0.0015 0.0005 
0 0 0 0.006 
0 0.0005 0.0015 0.0005 
0 0.0015 0 0.0015 
0 0.002 0.0015 0.0005 
0 0.0005 0.001 0 
0 0.001 0 0.0015 
0 0 0.004 0 
0 0.0045 0 0.0015 
0 0 0 0.0015 
0 0.0005 0.0015 0.0015 
0 0 0.0015 0.0015 
0 0 0 0.0005 
0 0.0025 0.001 0.0005 
0 0.0005 0.001 0 
0 0.001 0 0.001 
0 0.0005 0.002 0.0005 
0 0.0105 0 0 
0 0 0 0 
0 0 0 0 
0 0 0.0015 0 
0 0.0015 0.0005 0.0005 
0 0.012 0 0 
0 0 0 0.0005 
0 0 0.0015 0.0005 
0 0 0.001 0.131 
0 0.0005 0.001 0 
0 0 0.0005 0.0045 
0 0.001 0.0055 0.0005 
0 0.0135 0 0 
0 0.0005 0.0025 0.0015 
0 0.0145 0 0.001 
0 0.001 0 0.0005 
0 0.0165 0.0015 0 
0 0.0025 0.01 0.001 
0 0 0.0005 0.001 
0 0 0.0005 0.002 
0 0.0015 0.004 0 
0 0 0 0.002 
0 0.0085 0.0015 0.005 
0 0.007 0.001 0.0015 
0 0.001 0.0005 0.0005 
0 0.001 0.0015 0 
0 0.01 0 0 
0 0 0.0005 0 
0 0.0055 0.0015 0 
0 0.004 0 0.0015 
0 0.0005 0.0005 0.0015 
0 0.0015 0.005 0.0165 
0 0.0045 0.0015 0 
0 0 0.0005 0.0065 
0 0.01 0.0005 0.0035 
0 0.0005 0.0005 0.0005 
0 0 0.0005 0 
0 0.0015 0.0005 0 
0 0.001 0.0005 0.0005 
0 0.001 0 0 
0 0.0005 0.0005 0 
0 0.002 0.0225 0.0005 
0 0 0.024 0.0005 
0 0 0.001 0.0005 
0 0.001 0.0005 0 
0 0.001 0.028 0.001 
0 0.001 0.004 0.0005 
0 0.0005 0.002 0.001 
0 0 0.013 0.0075 
0 0.001 0 0.001 
0 0.0045 0.0005 0 
0 0 0.0015 0.0005 
0 0.001 0.011 0.0005 
0 0.001 0.002 0.013 
0 0 0.004 0.0005 
0 0.005 0.0025 0 
0 0 0.0015 0.006 
0 0.0005 0.0005 0.001 
0 0 0.0005 0.0065 
0 0.0005 0.0015 0.0005 
0 0.003 0.0005 0.0005 
0 0.001 0.004 0.0015 
0 0.0005 0.0245 0.0005 
0 0.001 0.001 0.0015 
0 0.002 0.0015 0.0005 
0 0.0005 0.0015 0.0005 
0 0 0.0025 0.001 
0 0 0.001 0.0025 
0 0.0005 0 0.0015 
0 0.0175 0 0 
0 0 0 0 
0 0 0.0005 0 
0 0.0015 0.0005 0 
0 0.001 0.0005 0 
0 0 0.0005 0.001 
0 0 0.0005 0 
0 0.013 0.0005 0 
0 0.0005 0.0095 0.0005 
0 0 0.002 0 
0 0.0005 0 0.0005 
0 0.001 0.0005 0.0015 
0 0.0005 0.016 0 
0 0.002 0 0.0265 
0 0.0005 0.0025 0.001 
0 0.0005 0.0015 0 
0 0 0 0.0005 
0 0.0005 0 0.0005 
0 0.0005 0 0.001 
0 0.0005 0 0.0015 
0 0.002 0 0.0015 
0 0.0015 0 0 
0 0.0005 0.001 0.001 
0 0 0.0005 0 
0 0.0005 0.0315 0.0015 
0 0.0005 0.0005 0.001 
0 0 0.0045 0 
0 0.0085 0.0005 0.0005 
0 0.0005 0.012 0 
0 0.003 0.0005 0.0005 
0 0 0.0015 0 
0 0.0005 0.004 0.0005 
0 0.0005 0.0015 0.002 
0 0 0.0005 0.001 
0 0 0.0005 0.0005 
0 0.0005 0.003 0.003 
0 0 0.001 0 
0 0.001 0.0015 0.001 
0 0 0.0005 0.0005 
0 0 0 0.001 
0 0.0005 0.0145 0.0415 
0 0.0005 0.0175 0 
0 0.009 0.0045 0.004 
0 0 0.002 0.0035 
0 0.0005 0 0.0005 
0 0 0.0005 0.0005 
0 0.009 0.007 0 
0 0 0.0005 0.002 
0 0 0.0005 0.001 
0 0.0005 0.0005 0.0005 
0 0.0005 0.001 0.0005 
0 0 0.0025 0.0035 
0 0 0.0005 0 
0 0.001 0.0005 0.0025 
0 0 0.0045 0 
0 0.0005 0 0 
0 0.011 0 0.0005 
0 0.001 0 0.0015 
0 0 0.0005 0 
0 0.0015 0.0195 0 
0 0.0005 0.002 0.0005 
0 0.003 0.001 0.0005 
0 0.001 0.002 0.0005 
0 0.0005 0.0005 0 
0 0 0.003 0.0045 
0 0.001 0.0005 0.0015 
0 0.0045 0 0 
0 0 0.0005 0 
0 0.0035 0 0.0225 
0 0.007 0 0.0045 
0 0.0045 0 0 
0 0.0005 0.0005 0.0005 
0 0.0005 0.0045 0.0015 
0 0 0 0.001 
0 0.0075 0.013 0 
0 0.0005 0 0.001 
0 0.002 0.0025 0.0015 
0 0.003 0.0005 0.007 
0 0.001 0.001 0.0025 
0 0.001 0 0.0005 
0 0 0.002 0.0015 
0 0 0 0.001 
0 0.0005 0.009 0 
0 0.1185 0 0 
0 0.001 0 0.001 
0 0 0.0005 0.0035 
0 0.0005 0.0005 0.001 
0 0.006 0 0.0015 
0 0.0005 0 0.0015 
0 0.0025 0.0005 0 
0 0.0015 0 0.001 
0 0.001 0.0025 0 
0 0 0 0.0005 
0 0.0005 0.0015 0.003 
0 0.0005 0.003 0.002 
0 0 0.004 0.001 
0 0 0 0 
0 0 0.0005 0.0475 
0 0.012 0.001 0 
0 0 0.0045 0 
0 0 0.0015 0.002 
0 0.0025 0 0.0015 
0 0.0005 0.001 0.0005 
0 0.0015 0.0035 0.0015 
0 0 0.0105 0.002 
0 0.001 0 0.0005 
0 0 0.0005 0.0105 
0 0.002 0.0025 0.0005 
0 0 0 0.0055 
0 0 0 0.0005 
0 0 0.0035 0.0005 
0 0 0.0015 0.0005 
0 0.0045 0.006 0.001 
0 0 0.0015 0.0015 
0 0.0075 0.0005 0.0015 
0 0 0.001 0 
0 0.002 0 0.002 
0 0.0015 0 0 
0 0.001 0.0005 0.0005 
0 0 0.0005 0.001 
0 0 0.0015 0 
0 0.0055 0.0005 0 
0 0.0035 0.003 0.0015 
0 0.0095 0 0.0275 
0 0.002 0.0015 0.004 
0 0.0015 0 0.011 
0 0 0.0005 0 
0 0 0.0005 0.1915 
0 0.0015 0.003 0 
0 0.0815 0 0.0015 
0 0.1295 0.0005 0.0015 
0 0.069 0.0005 0.011 
0 0.0045 0.0005 0 
0 0 0.003 0.001 
0 0.0005 0.0005 0.0725 
0 0 0 0.001 
0 0.0005 0.031 0.0005 
0 0.0015 0.001 0.0105 
0 0.0035 0.0005 0.0025 
0 0.0015 0.0015 0.0005 
0 0.0015 0 0 
0 0 0.001 0.0005 
0 0.0005 0.001 0 
0 0.001 0.0005 0.001 
0 0.0245 0.002 0 
0 0 0.001 0.0045 
0 0.013 0.0005 0.0555 
0 0.0015 0.001 0.0025 
0 0.054 0.001 0 
0 0.0005 0.001 0 
0 0 0.0005 0.012 
0 0 0 0.001 
0 0.0035 0.003 0.001 
0 0 0.0005 0.001 
0 0.006 0 0 
0 0.014 0.0005 0.0015 
0 0 0.001 0.001 
0 0.004 0.0005 0.0005 
0 0 0 0.001 
0 0 0.0005 0 
0 0.0005 0.0245 0.008 
0 0.002 0.0025 0.0035 
0 0.001 0.0005 0.0015 
0 0.002 0 0.0005 
0 0 0 0 
0 0.0005 0.002 0.0005 
0 0.0025 0.0035 0 
0 0.0005 0.001 0.0015 
0 0.0065 0 0.0015 
0 0.0005 0.001 0.0005 
0 0 0 0.002 
0 0 0.002 0.003 
0 0 0.0055 0.0005 
0 0.0015 0.002 0.0005 
0 0.001 0 0.0065 
0 0.008 0 0 
0 0.0005 0.0005 0.0045 
0 0.025 0.004 0 
0 0.0005 0.0005 0.0005 
0 0.0015 0.001 0.0015 
0 0.0035 0.0005 0.0015 
0 0 0.002 0 
0 0.0005 0.0015 0 
0 0.0005 0.0005 0.0005 
0 0 0.005 0.001 
0 0 0.0005 0.001 
0 0 0.0045 0.0035 
0 0.0015 0.0025 0.0005 
0 0.001 0.001 0.0005 
0 0 0 0 
0 0 0.0005 0.0005 
0 0.001 0 0.005 
0 0.0005 0.0005 0 
0 0 0 0.0005 
0 0 0 0 
0 0.0005 0.001 0.0025 
0 0.0005 0 0.002 
0 0.0095 0 0.0015 
0 0.002 0.005 0.0015 
0 0.0005 0.002 0.001 
0 0 0.002 0.004 
0 0.001 0.0005 0.002 
0 0.0005 0.001 0.007 
0 0.001 0.0005 0.0005 
0 0.0005 0.001 0.003 
0 0 0.001 0.001 
0 0 0.0005 0.002 
0 0.0005 0 0.0005 
0 0.0005 0.002 0.001 
0 0 0.002 0.0015 
0 0 0 0.0015 
0 0 0.0005 0.0005 
0 0 0.001 0.0015 
0 0 0.0475 0 
0 0.0025 0 0.001 
0 0.001 0.0005 0.0005 
0 0 0.006 0 
0 0.0005 0.001 0.0015 
0 0.0105 0 0.0005 
0 0.0005 0.002 0.0015 
0 0.002 0.0005 0.0005 
0 0.001 0.0005 0.0075 
0 0.0005 0 0 
0 0.0005 0.0015 0 
0 0 0.0005 0 
0 0.001 0 0.001 
0 0.001 0 0.002 
0 0 0.001 0.006 
0 0.0055 0.004 0.0015 
0 0.001 0.004 0.001 
0 0.002 0 0 
0 0.0035 0.0005 0.001 
0 0.0005 0.0015 0 
0 0.0015 0.0005 0 
0 0.001 0.001 0.0005 
0 0 0.0015 0 
0 0.0005 0 0 
0 0.001 0.0005 0.0025 
0 0.0025 0 0.0005 
0 0 0.002 0.002 
0 0 0 0.001 
0 0.001 0.0005 0 
0 0 0.0005 0.002 
0 0 0.026 0.0005 
0 0.0355 0.0015 0.0005 
0 0.006 0 0.0025 
0 0.0005 0.0025 0.0005 
0 0.0005 0 0.001 
0 0.001 0 0.006 
0 0 0 0.001 
0 0 0 0.001 
0 0.027 0.0195 0.0025 
0 0.001 0.001 0.002 
0 0.001 0.001 0.0005 
0 0.0005 0.0005 0 
0 0 0.001 0.0005 
0 0.0085 0 0.0025 
0 0.0005 0.0385 0.0025 
0 0 0.001 0 
0 0.0005 0.001 0.0015 
0 0.0005 0.001 0.0015 
0 0.001 0.018 0.0005 
0 0 0.001 0.0005 
0 0.0005 0 0 
0 0.0025 0.0005 0.001 
0 0.0175 0 0 
0 0.002 0 0 
0 0.0005 0 0.001 
0 0 0.0305 0.0015 
0 0.0015 0.009 0.0015 
0 0.0005 0 0 
0 0.001 0 0 
0 0.0005 0 0 
0 0.0885 0.047 0 
0 0.0005 0.0005 0 
0 0.0005 0 0.0015 
0 0.0005 0.0025 0.001 
0 0.0215 0 0.011 
0 0.0005 0.0025 0 
0 0.004 0 0 
0 0.006 0.003 0 
0 0.0005 0.001 0.0165 
0 0.0015 0.001 0.001 
0 0.0005 0.0005 0.002 
0 0.0015 0 0.001 
0 0.001 0 0.0005 
0 0 0.0005 0.001 
0 0 0.0015 0.0005 
0 0.0015 0.0025 0.0015 
0 0.005 0.003 0.001 
0 0.0015 0.001 0 
0 0.002 0.0165 0.0025 
0 0 0.0005 0.0005 
0 0 0.0025 0.001 
0 0 0.0005 0.0005 
0 0.0005 0.0015 0 
0 0 0.0125 0.0005 
0 0.001 0.026 0.006 
0 0.0015 0 0.0005 
0 0.0005 0.0015 0.0015 
0 0 0.0015 0.001 
0 0.0045 0.005 0.001 
0 0.017 0.0005 0 
0 0.029 0 0.0005 
0 0 0.0015 0.0035 
0 0.004 0.0005 0.0005 
0 0 0.0005 0 
0 0.003 0 0.0005 
0 0.0005 0.039 0 
0 0 0.0005 0.0055 
0 0.0005 0.0005 0 
0 0.0005 0.001 0.001 
0 0.002 0.0005 0.006 
0 0 0.0025 0 
0 0.001 0 0 
0 0.0035 0.001 0.0015 
0 0.001 0 0.001 
0 0.001 0.002 0.001 
0 0 0.014 0.005 
0 0.006 0.0005 0.001 
0 0.0015 0 0 
0 0.001 0.003 0.001 
0 0 0 0.003 
0 0.0025 0 0 
0 0 0.006 0 
0 0.0015 0.0005 0.009 
0 0.0005 0 0.001 
0 0.0005 0.003 0.0055 
0 0.007 0 0.0245 
0 0.0035 0.005 0.001 
0 0.0005 0 0.0035 
0 0.005 0 0.003 
0 0.002 0.003 0.002 
0 0 0.016 0.0005 
0 0 0.0035 0.0005 
0 0.0005 0 0 
0 0 0.0025 0.009 
0 0.0005 0 0.001 
0 0 0.002 0.001 
0 0.0005 0.0005 0.001 
0 0.017 0.0005 0.0015 
0 0.0005 0.002 0.002 
0 0.0105 0.0005 0.0015 
0 0.0005 0 0.0015 
0 0.001 0.001 0.0005 
0 0.017 0.001 0.0045 
0 0.005 0 0.0005 
0 0.0045 0.0005 0 
0 0.0005 0.005 0 
0 0 0.0035 0.0025 
0 0.0015 0.001 0.0005 
0 0.002 0.0065 0.0005 
0 0.0005 0.0475 0.0005 
0 0.0005 0 0 
0 0.0005 0.0005 0 
0 0.002 0.009 0.003 
0 0.0015 0.0225 0.0005 
0 0.0075 0.023 0.0025 
0 0.001 0 0.0565 
0 0.002 0.014 0 
0 0.0005 0.0005 0 
0 0 0.001 0.0015 
0 0.0005 0.0005 0 
0 0.0035 0.001 0.002 
0 0.0005 0 0.0005 
0 0.0015 0.001 0.0005 
0 0.005 0.0005 0 
0 0.0055 0 0.001 
0 0.004 0.0005 0 
0 0 0 0.001 
0 0 0.001 0.001 
0 0.0065 0.0005 0.001 
0 0.0005 0.0005 0.001 
0 0.002 0 0.0095 
0 0.0005 0 0.0105 
0 0.009 0 0.0265 
0 0.0105 0 0.0015 
0 0.0005 0 0.0005 
0 0.0005 0.002 0.0005 
0 0.001 0 0 
0 0 0.0005 0.0015 
0 0.012 0 0 
0 0.0005 0.011 0.021 
0 0.0045 0 0 
0 0.006 0.0005 0.005 
0 0.0025 0 0 
0 0.001 0.002 0 
0 0.0055 0 0.001 
0 0.0005 0 0.0015 
0 0.002 0 0.003 
0 0.011 0.0005 0.0035 
0 0 0.0005 0 
0 0 0.001 0.002 
0 0 0.001 0.004 
0 0.0025 0 0.0005 
0 0.001 0 0 
0 0.053 0.002 0.0005 
0 0.001 0.001 0.005 
0 0.003 0.001 0.0005 
0 0 0 0.0035 
0 0.0015 0.001 0.005 
0 0 0.0015 0 
0 0.0005 0.001 0 
0 0.002 0.001 0.0005 
0 0.019 0.0025 0 
0 0.005 0 0 
0 0.002 0.0005 0 
0 0.0035 0 0 
0 0.0015 0.0025 0.005 
0 0.001 0.0005 0 
0 0.002 0.0005 0.0005 
0 0.0055 0.0015 0.0025 
0 0.0025 0.0025 0.0005 
0 0.0005 0.0085 0.0005 
0 0 0.0005 0.005 
0 0.0005 0.001 0.0015 
0 0.003 0 0 
0 0.001 0 0.001 
0 0 0 0.0015 
0 0.0005 0.0155 0.001 
0 0.0025 0.0005 0 
0 0.0005 0.002 0.0005 
0 0.0095 0 0 
0 0.063 0.0025 0 
0 0.0005 0 0.001 
0 0.0005 0 0.0005 
0 0 0.001 0.0005 
0 0.0005 0 0.0015 
0 0.0455 0.0005 0.0005 
0 0 0.002 0.001 
0 0 0.0005 0.0005 
0 0.0035 0 0.0035 
0 0.0015 0.0035 0.133 
0 0.0015 0.0015 0.005 
0 0.0005 0.002 0.0005 
0 0.0005 0 0.002 
0 0 0.0005 0.0015 
0 0 0.0005 0 
0 0.0005 0 0.001 
0 0.0055 0.0025 0.001 
0 0.012 0 0.0005 
0 0 0.001 0.032 
0 0.0005 0 0 
0 0.0015 0.001 0 
0 0.0015 0.022 0.0055 
0 0 0.0005 0 
0 0 0.001 0.002 
0 0.001 0.0005 0.0025 
0 0 0.002 0.0005 
0 0.0005 0 0.0005 
0 0.0005 0.0005 0.0005 
0 0.0005 0.002 0.0005 
0 0.001 0.0005 0.0015 
0 0.001 0 0.0005 
0 0.001 0.0025 0.002 
0 0.0005 0 0 
0 0 0.0005 0.0025 
0 0.0005 0.0005 0 
0 0.0005 0.0025 0.001 
0 0 0.0005 0.003 
0 0.0005 0.008 0.0005 
0 0.009 0.007 0.0005 
0 0 0.0045 0.0005 
0 0.0015 0 0.0005 
0 0.001 0.0025 0 
0 0 0 0 
0 0 0.0005 0.0005 
0 0.0045 0.0205 0.005 
0 0 0.0035 0.001 
0 0.0045 0.0085 0.0005 
0 0.002 0.001 0.001 
0 0.0005 0.001 0 
0 0.0005 0.0035 0.0025 
0 0 0.003 0.002 
0 0.0005 0 0.0005 
0 0 0.0035 0.0015 
0 0.0005 0.005 0 
0 0.0045 0.0005 0 
0 0.0005 0.002 0.002 
0 0 0 0.0015 
0 0 0.0345 0.0035 
0 0.0005 0.0055 0.0005 
0 0.002 0 0.0005 
0 0.0005 0.0005 0.0005 
0 0.005 0.0505 0.0015 
0 0.0015 0.0015 0.0025 
0 0.0005 0 0 
0 0.052 0.0005 0 
0 0.002 0 0.0005 
0 0 0.006 0.0015 
0 0 0.005 0.008 
0 0.0005 0 0.0045 
0 0.0005 0.001 0.004 
0 0 0.0005 0 
0 0.0015 0 0.004 
0 0.0005 0.001 0.0005 
0 0.0015 0.0055 0.001 
0 0.001 0.0005 0.0035 
0 0.0055 0.0075 0.0005 
0 0.0005 0 0 
0 0.002 0 0.0005 
0 0.0015 0 0 
0 0.001 0.0045 0.0015 
0 0.001 0.001 0.0005 
0 0.0015 0 0.0025 
0 0.015 0 0.028 
0 0.0005 0 0.001 
0 0 0.0025 0 
0 0.002 0 0.0005 
0 0.003 0 0.0035 
0 0.0005 0.001 0.0025 
0 0.0005 0 0.0385 
0 0.0005 0.001 0 
0 0.0005 0.0185 0 
0 0.001 0.001 0.0005 
0 0.0005 0.004 0.002 
0 0.001 0 0.0025 
0 0 0 0.0005 
0 0.0075 0 0 
0 0.0095 0.001 0 
0 0 0.001 0.08 
0 0.0005 0.001 0.0005 
0 0.0025 0 0 
0 0.0005 0.002 0 
0 0.0005 0.0025 0.001 
0 0.041 0.004 0.01 
0 0.001 0.003 0.0025 
0 0.0005 0.0015 0.002 
0 0.0115 0 0.0005 
0 0 0 0.0005 
0 0 0.001 0.0005 
0 0.004 0.0015 0.001 
0 0.0005 0.001 0.001 
0 0.001 0.0005 0.0015 
0 0 0 0.001 
0 0.0005 0 0.0115 
0 0.003 0 0.0005 
0 0.0005 0.001 0.002 
0 0 0.0035 0 
0 0.0035 0.002 0.0005 
0 0 0.003 0.0435 
0 0.004 0 0 
0 0.0975 0.0005 0.0005 
0 0.0045 0.0005 0.0005 
0 0 0 0.011 
0 0.001 0.0005 0.012 
0 0 0 0.0005 
0 0.004 0.0005 0.001 
0 0 0.002 0.0005 
0 0 0.001 0 
0 0.001 0 0.001 
0 0 0.0005 0 
0 0.0075 0.0005 0.001 
0 0 0.0005 0.0005 
0 0.0005 0.0005 0.0005 
0 0.001 0.0155 0.001 
0 0 0.004 0 
0 0.0005 0.002 0 
0 0.001 0 0 
0 0.001 0 0.001 
0 0.0015 0 0 
0 0 0 0 
0 0 0.001 0.0005 
0 0.0005 0.002 0.004 
0 0.0005 0 0.002 
0 0 0.0005 0.0005 
0 0 0.0005 0.001 
0 0 0.0185 0 
0 0.0005 0 0.001 
0 0 0 0.006 
0 0 0.0005 0.0005 
0 0 0 0 
0 0 0.0005 0.0015 
0 0.0005 0.0015 0.0005 
0 0.0025 0.0005 0 
0 0.0005 0 0.0005 
0 0.007 0.0005 0.0025 
0 0.005 0.002 0.001 
0 0 0.0025 0 
0 0.0015 0.011 0.0015 
0 0 0.0005 0.0005 
0 0.001 0.001 0.003 
0 0.001 0.01 0.017 
0 0.0005 0.001 0 
0 0.0005 0 0.001 
0 0.0005 0.001 0.001 
0 0 0 0.006 
0 0.0015 0.0005 0.0145 
0 0.0005 0.0015 0.001 
0 0.001 0.003 0 
0 0.0015 0.0005 0.0015 
0 0.0005 0.0005 0.0005 
0 0.0005 0.002 0.0005 
0 0 0.0035 0.002 
0 0 0.006 0.001 
0 0 0 0.0205 
0 0.044 0.001 0.001 
0 0 0.003 0.001 
0 0.003 0.0035 0.003 
0 0 0.0005 0.008 
0 0.0065 0.0035 0.001 
0 0.0055 0.0015 0.0015 
0 0.004 0.0005 0.0005 
0 0.0005 0 0 
0 0.0045 0.0005 0 
0 0.001 0.0005 0.003 
0 0.0005 0 0.0005 
0 0.0005 0 0 
0 0 0.0035 0 
0 0 0.002 0.0045 
0 0 0.0005 0.0005 
0 0.0025 0.027 0.001 
0 0 0.0015 0 
0 0.0005 0.005 0.0025 
0 0.0015 0.0005 0.0005 
0 0 0.008 0.0135 
0 0.0005 0.0005 0.0005 
0 0.0015 0 0.0005 
0 0.002 0.001 0.002 
0 0.0025 0.0005 0 
0 0.001 0 0 
0 0 0.001 0.001 
0 0.0045 0.0005 0 
0 0.0005 0.275 0.001 
0 0.001 0.0105 0.0795 
0 0.0005 0 0 
0 0.0035 0.0005 0.0005 
0 0.0005 0 0.001 
0 0.0035 0 0.0005 
0 0.001 0.0005 0.0045 
0 0.0015 0 0.0005 
0 0.0005 0.001 0 
0 0 0 0.0005 
0 0.001 0.0005 0 
0 0.005 0.0005 0.0005 
0 0.005 0.0005 0.0005 
0 0 0.0005 0.005 
0 0.061 0 0.0005 
0 0.0025 0 0.001 
0 0.0005 0.0015 0.0005 
0 0.003 0.001 0.0045 
0 0 0.0015 0.0115 
0 0.0015 0.004 0.0005 
0 0.1315 0.004 0 
0 0.001 0.008 0.0005 
0 0.0125 0.0005 0.001 
0 0.001 0.0035 0.002 
0 0 0 0 
0 0.0035 0.002 0.0015 
0 0.0015 0 0.0005 
0 0 0.001 0 
0 0.007 0.01 0.003 
0 0 0 0.001 
0 0.0015 0.0005 0.0005 
0 0.026 0 0 
0 0 0.0005 0.001 
0 0.001 0 0.002 
0 0.001 0.0125 0 
0 0 0.0005 0.0045 
0 0.001 0 0.0005 
0 0.0005 0 0.0005 
0 0.001 0.0015 0.0015 
0 0 0 0 
0 0.0005 0.001 0.001 
0 0.018 0.003 0 
0 0.0035 0 0 
0 0.0035 0 0.0025 
0 0.0185 0.0005 0.001 
0 0.005 0.0015 0.0015 
0 0.0035 0.0015 0.0005 
0 0 0.0005 0.001 
0 0.001 0 0.0005 
0 0.001 0 0.002 
0 0.0015 0.0005 0.001 
0 0 0.0005 0 
0 0.001 0.0055 0.0025 
0 0 0 0.0005 
0 0 0.005 0.002 
0 0 0.0005 0.0025 
0 0.0045 0.0005 0 
0 0 0 0.01 
0 0.026 0 0.001 
0 0.001 0.006 0.0005 
0 0.001 0 0 
0 0.001 0.011 0.0005 
0 0.001 0.001 0.003 
0 0.0005 0.001 0.001 
0 0.0025 0.001 0.0005 
0 0 0.0015 0 
0 0.0005 0 0.005 
0 0.0005 0.002 0.0005 
0 0.0035 0 0.0005 
0 0.004 0.001 0.002 
0 0 0 0.0005 
0 0.001 0.0035 0.001 
0 0.0035 0.0015 0.0345 
0 0.0025 0.0015 0.0005 
0 0.0005 0.0085 0.0015 
0 0.001 0 0.0005 
0 0.0005 0.001 0 
0 0.0005 0.005 0.001 
0 0 0.0005 0.001 
0 0.0015 0.004 0 
0 0.0005 0 0.0005 
0 0 0.0005 0 
0 0.001 0 0.003 
0 0.0015 0.001 0.0015 
0 0.0005 0.0005 0.0005 
0 0.001 0.0005 0 
0 0.0005 0.0005 0 
0 0.001 0.0005 0.0025 
0 0.003 0 0.0005 
0 0 0 0.0005 
0 0.0015 0.0005 0.0015 
0 0.0005 0 0.0055 
0 0.001 0 0.002 
0 0.0005 0.0005 0.0005 
0 0.011 0 0 
0 0.0005 0.0025 0.0025 
0 0.0005 0.005 0 
0 0 0 0 
0 0 0.001 0.001 
0 0.004 0.005 0.0015 
0 0 0 0.034 
0 0.001 0.104 0.0005 
0 0 0 0.0045 
0 0.0015 0 0.0015 
0 0 0.0005 0.0005 
0 0.0015 0.0005 0.001 
0 0 0 0.0035 
0 0.0005 0.001 0 
0 0.0105 0.0005 0.001 
0 0.0015 0.001 0 
0 0.0005 0 0 
0 0.0085 0 0.001 
0 0 0.001 0.0005 
0 0 0 0.001 
0 0 0.0005 0.003 
0 0 0 0 
0 0 0.007 0 
0 0.0075 0.0005 0 
0 0.0005 0.002 0.0225 
0 0.0025 0.0005 0 
0 0 0 0.0005 
0 0.001 0.0045 0 
0 0.001 0 0.001 
0 0.001 0.0005 0.018 
0 0.0005 0 0.001 
0 0.001 0.001 0.0045 
0 0.027 0.0035 0.001 
0 0 0.001 0 
0 0.0005 0.0015 0 
0 0 0.0005 0.001 
0 0 0 0.0105 
0 0.02 0 0.002 
0 0.029 0.0005 0.0005 
0 0.0005 0.0005 0.0025 
0 0.0035 0.005 0 
0 0.001 0 0.0185 
0 0.003 0.001 0.001 
0 0.026 0.0005 0.0025 
0 0.001 0.0005 0 
0 0 0.0015 0 
0 0.0085 0 0 
0 0.0005 0.0025 0.0165 
0 0.1015 0 0.0015 
0 0.0055 0 0.0085 
0 0 0 0 
0 0 0.004 0.0005 
0 0.0025 0.0005 0.002 
0 0.0005 0.0005 0 
0 0 0 0.0005 
0 0.0015 0.004 0.014 
0 0 0.001 0.008 
0 0.004 0.0005 0.0005 
0 0.0065 0.0025 0 
0 0 0.0005 0.0015 
0 0.001 0 0 
0 0.001 0.0105 0.011 
0 0.0005 0 0.001 
0 0.001 0.0135 0 
0 0 0.0015 0.0005 
0 0.0265 0.098 0.0015 
0 0.0005 0 0 
0 0.0015 0 0 
0 0.0005 0.0005 0.036 
0 0 0.003 0 
0 0.015 0.003 0 
0 0.0035 0.003 0.001 
0 0 0.021 0 
0 0 0 0.0005 
0 0 0 0 
0 0 0 0.0005 
0 0.0005 0.0005 0.005 
0 0 0.0015 0.003 
0 0.001 0.0025 0 
0 0.0005 0.001 0 
0 0.004 0 0.001 
0 0.0015 0 0.0015 
0 0 0 0.225 
0 0 0.045 0.08 
0 0.005 0.001 0.0005 
0 0.0005 0 0.008 
0 0.002 0.0025 0.001 
0 0.005 0.001 0.006 
0 0.001 0 0.0015 
0 0 0.0015 0.0005 
0 0.0005 0 0.001 
0 0 0.0005 0.0005 
0 0 0.001 0.001 
0 0.0005 0 0 
0 0.001 0.0035 0 
0 0 0.0005 0.0135 
0 0.0075 0.0365 0.001 
0 0.0005 0.009 0.0005 
0 0.001 0.005 0 
0 0.0015 0 0.0005 
0 0.0005 0.0005 0.001 
0 0.0005 0.0005 0.0005 
0 0.001 0.001 0 
0 0 0.0065 0.001 
0 0.007 0.0005 0 
0 0.003 0.015 0 
0 0.0055 0.1695 0.0235 
0 0.0005 0 0.0035 
0 0.001 0.0005 0 
0 0 0.0005 0.0005 
0 0.001 0.0215 0 
0 0.004 0 0.0035 
0 0 0.0005 0.0005 
0 0.001 0 0.001 
0 0.003 0 0.001 
0 0.0005 0.0015 0.001 
0 0.0015 0.001 0.0005 
0 0.0005 0.002 0.0095 
0 0 0.0005 0.0125 
0 0 0.0345 0.001 
0 0.0005 0.0015 0 
0 0.0045 0.0005 0.002 
0 0.002 0.001 0.0005 
0 0.001 0.0005 0 
0 0.002 0.0025 0.0005 
0 0.001 0 0.013 
0 0 0.0005 0.001 
0 0 0.0005 0.001 
0 0 0 0.0005 
0 0.0005 0.0015 0 
0 0.0005 0 0.098 
0 0.001 0.0005 0 
0 0.0025 0.0005 0.003 
0 0.001 0.006 0 
0 0.0005 0.0005 0.001 
0 0 0.001 0.0015 
0 0 0.001 0 
0 0 0.0005 0.0045 
0 0 0 0 
0 0.0005 0.0005 0.002 
0 0.0005 0.0055 0.001 
0 0.009 0.0005 0.001 
0 0.0045 0.0005 0.0045 
0 0.0015 0.0005 0.0025 
0 0.0005 0.001 0.0005 
0 0.0005 0 0.0015 
0 0.0015 0.0005 0.0005 
0 0.001 0 0.0015 
0 0.001 0.0005 0.001 
0 0.016 0.0005 0 
0 0.001 0 0 
0 0.001 0.001 0.001 
0 0.0005 0 0.0005 
0 0.0005 0 0.001 

