0 1 1 
0 1 1 
0 1 1 
0 1 1 
0 1 1 
0 1 1 
0 1 1 
0 1 1 
0 1 1 
0 1 1 
0 1 1 
0 1 1 
0 1 1 
0 1 1 
0 1 1 
0 1 1 
0 1 1 
0 1 1 
0 1 1 
0 1 1 
0 1 1 
0 1 1 
0 1 1 
0 1 1 
0 1 1 
0 1 1 
0 1 1 
0 1 1 
0 1 1 
0 1 1 
0 1 1 
0 1 1 
0 1 1 
0 1 1 
0 1 1 
0 1 1 
0 1 1 
0 1 1 
0 1 1 
0 1 1 
0 1 1 
0 1 1 
0 1 1 
0 1 1 
0 1 1 
0 1 1 
0 1 1 
0 1 1 
0 1 1 
0 1 1 
0 1 1 
0 1 1 
0 1 1 
0 1 1 
0 1 0.8065 
0 1 1 
0 1 1 
0 1 1 
0 1 1 
0 1 1 
0 1 1 
0 1 1 
0 1 1 
0 1 1 
0 1 1 
0 1 1 
0 1 1 
0 1 1 
0 1 1 
0 1 1 
0 1 1 
0 1 1 
0 1 1 
0 1 1 
0 1 1 
0 1 1 
0 1 1 
0 1 1 
0 1 1 
0 1 1 
0 1 1 
0 1 1 
0 1 1 
0 1 1 
0 1 1 
0 1 1 
0 1 1 
0 1 1 
0 1 1 
0 1 1 
0 1 1 
0 1 1 
0 1 1 
0 1 1 
0 1 1 
0 1 1 
0 1 1 
0 1 1 
0 1 1 
0 1 1 
0 0.0005 1 
0 0.001 1 
0 1 1 
0 0.0005 1 
0 0.4875 1 
0 1 1 
0 0.019 1 
0 0.0025 1 
0 0.396 1 
0 1 1 
0 0.0005 1 
0 1 1 
0 0.002 1 
0 1 1 
0 1 1 
0 0.061 1 
0 0.197 1 
0 1 1 
0 0 1 
0 1 1 
0 1 1 
0 0.0005 1 
0 0.307 1 
0 0.0485 1 
0 0.001 1 
0 0 1 
0 0 1 
0 1 1 
0 1 1 
0 0 1 
0 1 1 
0 0.0005 1 
0 1 1 
0 0.0005 1 
0 1 1 
0 0.0005 1 
0 0.9325 1 
0 0.1875 1 
0 0.0015 1 
0 0.294 1 
0 0.156 1 
0 1 1 
0 0 1 
0 1 1 
0 0.0005 1 
0 1 1 
0 0.0005 1 
0 0.0025 1 
0 1 1 
0 0.0005 1 
0 1 1 
0 1 1 
0 1 1 
0 1 1 
0 1 1 
0 1 1 
0 1 1 
0 1 1 
0 1 1 
0 1 1 
0 1 1 
0 1 1 
0 1 1 
0 1 1 
0 1 1 
0 1 1 
0 1 1 
0 1 1 
0 1 1 
0 1 1 
0 1 1 
0 1 1 
0 1 1 
0 1 1 
0 1 1 
0 1 1 
0 1 1 
0 1 1 
0 1 1 
0 1 1 
0 1 1 
0 1 1 
0 1 1 
0 1 1 
0 1 1 
0 1 1 
0 1 1 
0 1 1 
0 1 1 
0 1 1 
0 1 1 
0 1 1 
0 1 1 
0 1 1 
0 1 1 
0 1 1 
0 1 1 
0 1 1 
0 1 1 
0 1 1 
0 1 1 
0 1 1 
0 1 1 
0 1 1 
0 1 1 
0 1 1 
0 1 1 
0 1 1 
0 1 1 
0 1 1 
0 1 1 
0 1 1 
0 1 1 
0 1 1 
0 1 1 
0 1 1 
0 1 1 
0 1 1 
0 1 1 
0 1 1 
0 1 1 
0 1 1 
0 1 1 
0 1 1 
0 1 1 
0 1 1 
0 1 1 
0 1 1 
0 1 1 
0 1 1 
0 1 1 
0 1 1 
0 1 1 
0 1 1 
0 1 1 
0 1 1 
0 1 1 
0 1 1 
0 1 1 
0 1 1 
0 1 1 
0 1 1 
0 1 1 
0 1 1 
0 1 1 
0 1 1 
0 1 1 
0 1 1 
0 1 1 
0 1 1 
0 1 1 
0 1 1 
0 1 1 
0 1 1 
0 1 1 
0 1 1 
0 1 1 
0 1 1 
0 1 1 
0 1 1 
0 1 1 
0 1 1 
0 1 1 
0 1 1 
0 1 1 
0 1 1 
0 1 1 
0 1 1 
0 1 1 
0 1 1 
0 0.001 1 
0 1 1 
0 1 1 
0 0 1 
0 1 1 
0 0.0005 1 
0 1 1 
0 0.285 1 
0 1 1 
0 1 1 
0 1 1 
0 1 1 
0 0 1 
0 1 1 
0 0.0015 1 
0 1 1 
0 0.001 1 
0 0.49 1 
0 0.001 1 
0 1 1 
0 1 1 
0 1 1 
0 0.001 1 
0 1 1 
0 0 1 
0 1 1 
0 1 1 
0 0.003 1 
0 1 1 
0 0.0005 1 
0 0.009 1 
0 0 1 
0 0.312 1 
0 0.0005 1 
0 0.0005 1 
0 0.167 1 
0 0.001 1 
0 0 1 
0 0 1 
0 0.001 1 
0 0 1 
0 0.0005 1 
0 0.002 1 
0 0.0005 1 
0 0 1 
0 0.0155 1 
0 0.001 1 
0 0 1 
0 0.0045 1 
0 0.0055 1 
0 0.004 1 
0 0.002 1 
0 0.001 1 
0 0.0035 1 
0 0.0015 1 
0 0 1 
0 0.001 1 
0 0.0105 1 
0 1 1 
0 0.0005 1 
0 0.0005 1 
0 0 1 
0 0.035 1 
0 0 1 
0 0.0035 1 
0 0.2055 1 
0 0.001 1 
0 0 1 
0 0.0015 1 
0 0.0135 1 
0 0 1 
0 0.013 1 
0 0.1285 1 
0 1 1 
0 0.0005 1 
0 0.001 1 
0 0.0025 1 
0 0.001 1 
0 0.002 1 
0 0.0005 1 
0 0.0005 1 
0 0.0015 1 
0 0.001 1 
0 0.024 1 
0 0.0015 1 
0 0.0005 1 
0 0.0005 1 
0 0 1 
0 0.1355 1 
0 0.001 1 
0 0.0005 1 
0 0 1 
0 0.0005 1 
0 0.0005 1 
0 0 1 
0 0.0005 1 
0 0.0005 1 
0 0.002 1 
0 0 1 
0 0.101 1 
0 0 1 
0 0.0015 1 
0 0.0055 1 
0 0 1 
0 0.0145 1 
0 0.004 1 
0 0 1 
0 0.0155 1 
0 0.0115 1 
0 0.0005 1 
0 0 1 
0 0.002 1 
0 0.0015 1 
0 0.0005 1 
0 0.027 1 
0 0.007 1 
0 0.001 1 
0 0 1 
0 0.3385 1 
0 0.014 1 
0 0.0015 1 
0 0.0005 1 
0 0.0025 1 
0 0.075 1 
0 0.003 1 
0 0.001 1 
0 0.003 1 
0 0.001 1 
0 0.005 1 
0 0.0005 1 
0 0.0025 0.001 
0 0.0005 0.0005 
0 0 0.001 
0 0.0025 0 
0 0.0045 0 
0 0.0015 1 
0 0.001 0.0005 
0 0 0 
0 0.0005 0.0005 
0 0.001 0.0015 
0 1 1 
0 0.0005 0 
0 0.0005 0.2935 
0 0.0005 0.0005 
0 0 0.001 
0 0.001 0.001 
0 0 0.0005 
0 0 0.0005 
0 0 1 
0 0.002 0 
0 0 0.011 
0 0.0005 0 
0 0.0005 0.002 
0 0 0 
0 0.001 0.001 
0 0.001 0 
0 0 0.056 
0 0.0005 0.0015 
0 0.001 0.0285 
0 1 1 
0 0.0035 0.0005 
0 0.0005 0.048 
0 0.001 0.9995 
0 0.001 0.0005 
0 0.0075 0.0015 
0 0 0.041 
0 0.001 0.001 
0 0.004 0.028 
0 0 0.0055 
0 0.0005 0.0005 
0 0.0015 0.0005 
0 0.004 0.0005 
0 0.0005 0.001 
0 0.0065 0.0495 
0 0.0005 0.0055 
0 0.0005 0.0005 
0 0 0.0905 
0 0.001 0.0005 
0 0 0 
0 0 0.0095 
0 0 0.001 
0 0.019 0.001 
0 0.0195 0.0005 
0 0 0 
0 0.0005 0.015 
0 0.3085 0.0005 
0 0.001 0 
0 0.001 0 
0 0 0 
0 0 0.001 
0 0.0005 0.002 
0 0 0.001 
0 0.001 0.001 
0 0 0.005 
0 0.7765 0.0005 
0 0 0 
0 0 0.0005 
0 0.043 0.0005 
0 0 0.0005 
0 0.0005 0.0005 
0 0.0005 0.0035 
0 0.029 0.001 
0 0 0.0015 
0 0.0005 0.002 
0 0 0.0035 
0 0.0015 0.0005 
0 0.001 0.003 
0 0 0.0035 
0 0.0005 0.0005 
0 0.0005 0.0005 
0 0.0025 0.001 
0 0.0035 0.007 
0 0 0.0005 
0 0 0.0005 
0 0.0035 0 
0 0.0125 0.0005 
0 0 0.05 
0 0 0.002 
0 0.0005 0.0005 
0 0.0005 0.771 
0 0.001 0.001 
0 0.0005 0.001 
0 0.0005 0.0005 
0 0.0005 0 
0 0.002 0 
0 0.004 0.0005 
0 0.0005 0.0005 
0 0 0 
0 0.0005 0.0015 
0 0.0015 0 
0 0.0005 0.0165 
0 0.0005 0 
0 0.001 0.0005 
0 0.001 0.001 
0 0.0005 0.0025 
0 0.0015 0 
0 0.0005 0.0075 
0 0 0.0015 
0 0.001 0.001 
0 0 0 
0 0.001 0.001 
0 0.0015 0.0005 
0 0.001 0.002 
0 0.001 0.0005 
0 0 0.0015 
0 0.0005 0 
0 0.002 0.0005 
0 0 0 
0 0.0025 0.0005 
0 0.0005 0 
0 0 0.0005 
0 0.001 0.0005 
0 0.002 0.001 
0 0.001 0 
0 0.0005 0.001 
0 0.0005 0.0005 
0 0.0015 0.0005 
0 0.0005 0.0015 
0 0.001 0.001 
0 0.004 0 
0 0.0015 0.001 
0 0.0005 0 
0 0.001 0.001 
0 0.0155 0 
0 0.001 0.0005 
0 0.006 0.0005 
0 0.001 0 
0 0.001 0.0005 
0 0.0015 0.001 
0 0 0.0005 
0 0.0005 0.0005 
0 0.0005 0 
0 0.0005 0 
0 0.0005 0.001 
0 0.0005 0 
0 0.001 0.001 
0 0 0.0005 
0 0 0.0005 
0 0.001 0.001 
0 0.0005 0.001 
0 0 0 
0 0.0005 0.0015 
0 0.002 0 
0 0 0.0025 
0 0.002 0 
0 0.0015 0.023 
0 0.001 0.0015 
0 0.0005 0.0005 
0 0.002 0 
0 0 0.003 
0 0.0005 0.0005 
0 0.002 0.0005 
0 0.002 0 
0 0.0005 0.172 
0 0.001 0 
0 0.001 0.0005 
0 0 0 
0 0 0.0015 
0 0.0005 0.0005 
0 0.0005 0.0005 
0 0 0.0005 
0 0.0005 0.0005 
0 0.004 0.001 
0 0 0.003 
0 0.0005 0.002 
0 0.0015 0.0015 
0 0 0.0045 
0 0.0045 0.001 
0 0.0005 0.0005 
0 0.0005 0.004 
0 0.0005 0 
0 0.0015 0.0005 
0 0.001 0.001 
0 0.001 0 
0 0.001 0.0005 
0 0 0.0005 
0 0.0005 0.001 
0 0.001 0.0035 
0 0.0005 0.0015 
0 0.0005 0.0005 
0 0.0005 0.0005 
0 0.002 0 
0 0.0005 0.009 
0 0.0015 0.002 
0 0.0005 0.014 
0 0.0005 0.0005 
0 0.0015 0 
0 0.0005 0 
0 0.001 0.0005 
0 0 0.001 
0 0 0 
0 0.001 0.0005 
0 0 0.0005 
0 0.1295 0 
0 0.0065 0.024 
0 0.0005 0.0015 
0 0.0005 0.002 
0 0.001 0.0015 
0 0.0005 0 
0 0 0 
0 0.0005 0.0015 
0 0.002 0.001 
0 0 0.0005 
0 0.001 0 
0 0 0.0005 
0 0.0005 0 
0 0 0.0005 
0 0.0015 0.001 
0 0 0.003 
0 0.002 0.0015 
0 0.0035 0 
0 0.0005 0.0005 
0 0 0.0025 
0 0.002 0.0005 
0 0.0005 0.001 
0 0.0075 0.0015 
0 0.001 0.001 
0 0.001 0.002 
0 0.0005 0 
0 0.0005 0.002 
0 0.0005 0.002 
0 0 0 
0 0 0.0005 
0 0 0.001 
0 0.001 0 
0 0.0065 0.0005 
0 0 0.0055 
0 0.0285 0.001 
0 0.0005 0 
0 0.001 0 
0 0.0005 0 
0 0 0.001 
0 0.001 0.0005 
0 0.0005 0 
0 0 0.001 
0 0.0005 0.0025 
0 0 0.001 
0 0 0 
0 0.001 0 
0 0 0.0005 
0 0 0 
0 0 0.001 
0 0.0035 0.0035 
0 0.001 0 
0 0 0.0005 
0 0.0015 0.0005 
0 0.0325 0 
0 0.001 0.002 
0 0.0005 0 
0 0 0.008 
0 0 0 
0 0 0.002 
0 0.0005 0.003 
0 0.001 0.0005 
0 0.0005 0.0005 
0 0 0.0005 
0 0.0005 0.001 
0 0.0015 0.0005 
0 0.0005 0 
0 0.0005 0.0005 
0 0 0.0025 
0 0.0005 0.0015 
0 0.0005 0 
0 0 0.005 
0 0.001 0.0005 
0 0 0.001 
0 0.0025 0 
0 0 0 
0 0 0 
0 0.0005 0.002 
0 0.0015 0.001 
0 0.0025 0.0095 
0 0.0005 0 
0 0.0005 0.0005 
0 0.0005 0.001 
0 0.0035 0.001 
0 0 0.001 
0 0.0015 0 
0 0.0005 0.0005 
0 0 0.0105 
0 0.0005 0.001 
0 0.0005 0 
0 0 0 
0 0 0.001 
0 0.0005 0.0005 
0 0.0005 0.001 
0 0.002 0.0045 
0 0.001 0.0005 
0 0.0005 0.001 
0 0 0 
0 0 0.0015 
0 0 0.0005 
0 0.0005 0.0005 
0 0.002 0.001 
0 0.0005 0.0025 
0 0.0025 0.001 
0 0.0635 0.014 
0 0.002 0.002 
0 0.001 0.005 
0 0 0.0005 
0 0.0015 0.004 
0 0.0015 0 
0 0 0.0005 
0 0 0.0005 
0 0 0 
0 0 0.0005 
0 0.0065 0.001 
0 0 0.001 
0 0.004 0.001 
0 0.0015 0 
0 0.0055 0.0045 
0 0.0005 0 
0 0 0.0015 
0 0.001 0.0015 
0 0 0 
0 0.001 0.0005 
0 0.002 0.0015 
0 0.0005 0.0005 
0 0.0005 0.0015 
0 0 0.0005 
0 0.0005 0.0005 
0 0 0.0005 
0 0 0.0005 
0 0.0005 0.001 
0 0 0.0005 
0 0.001 0.0005 
0 0.0005 0.005 
0 0.001 0.001 
0 0.0005 0.0005 
0 0.0005 0 
0 0.0005 0.002 
0 0.011 0.0005 
0 0 0.0005 
0 0.016 0.001 
0 0.0005 0.0015 
0 0.0005 0 
0 0.0015 0.001 
0 0.0005 0.0025 
0 0 0.0005 
0 0.0005 0.0135 
0 0.001 0.0005 
0 0.0005 0.0005 
0 0.011 0 
0 0 0.001 
0 0.001 0 
0 0 0.001 
0 0.0015 0.003 
0 0.0005 0.0015 
0 0 0.0005 
0 0.0015 0 
0 0.004 0.0005 
0 0.0005 0.001 
0 0.001 0.0005 
0 0.0005 0.0005 
0 0.0005 0.001 
0 0 0.0005 
0 0.001 0.0015 
0 0 0 
0 0.0005 0.0185 
0 0.0005 0 
0 0 0.001 
0 0.001 0 
0 0.0005 0.0005 
0 0 0.007 
0 0.0005 0.0035 
0 0 0 
0 0.0005 0.002 
0 0 0.0005 
0 0.0005 0 
0 0.0005 0.0065 
0 0.0025 0.0005 
0 0 0.001 
0 0.0005 0 
0 0 0 
0 0.002 0.0105 
0 0.0005 0.0005 
0 0.002 0.0005 
0 0.0005 0.0005 
0 0.001 0.002 
0 0.0005 0.0005 
0 0.001 0 
0 0.002 0.001 
0 0.0005 0 
0 0.0005 0.0005 
0 0.0005 0.0015 
0 0.001 0 
0 0.0005 0.001 
0 0.003 0 
0 0.0025 0.001 
0 0.0005 0.001 
0 0.0015 0.0005 
0 0.0005 0 
0 0.0005 0.0015 
0 0 0.0005 
0 0.0005 0 
0 0 0.0005 
0 0 0.0005 
0 0 0.008 
0 0.0005 0 
0 0.0015 0.0005 
0 0.0015 0.0005 
0 0 0.001 
0 0.001 0 
0 0.0005 0.0005 
0 0.0025 0.001 
0 0.001 0.0005 
0 0 0.0005 
0 0.005 0.002 
0 0.0005 0.0005 
0 0.001 0.0005 
0 0 0 
0 0.0005 0.0005 
0 0 0 
0 0 0.0015 
0 0 0.0015 
0 0.001 0.002 
0 0 0 
0 0.002 0 
0 0.002 0.0165 
0 0.0005 0.0005 
0 0 0 
0 0.001 0 
0 0.0015 0.0015 
0 0 0.0015 
0 0.0025 0 
0 0.0005 0.005 
0 0 0.0005 
0 0.001 0 
0 0.0005 0.002 
0 0.001 0 
0 0.0005 0 
0 0.001 0.0025 
0 0.0005 0.031 
0 0.0015 0 
0 0.001 0.0005 
0 0.001 0.0015 
0 0.0005 0.0005 
0 0.0005 0.0015 
0 0 0.001 
0 0 0 
0 0.0045 0.0005 
0 0 0 
0 0.0005 0.0005 
0 0.0005 0.005 
0 0.0005 0.009 
0 0.004 0.001 
0 0 0.002 
0 0.001 0.0005 
0 0.0005 0.0005 
0 0 0.0005 
0 0.001 0 
0 0.0005 0.0005 
0 0 0.0035 
0 0 0 
0 0.0015 0.001 
0 0.0015 0.0015 
0 0 0.0005 
0 0.0005 0.001 
0 0.0035 0.0315 
0 0 0.0005 
0 0.001 0.0005 
0 0.001 0 
0 0.001 0.0015 
0 0.0015 0 
0 0.002 0 
0 0 0.0025 
0 0 0 
0 0.001 0 
0 0.0005 0.0015 
0 0.0005 0 
0 0.003 0.0015 
0 0.001 0 
0 0 0.001 
0 0.0005 0.003 
0 0.0005 0 
0 0.0005 0.0025 
0 0 0.001 
0 0.0005 0 
0 0 0.0005 
0 0.0005 0.006 
0 0 0 
0 0.001 0.0005 
0 0 0.0005 
0 0.0015 0 
0 0.001 0 
0 0 0 
0 0.001 0.0005 
0 0.0015 0.0005 
0 0.001 0.0065 
0 0.0005 0 
0 0.0005 0.0005 
0 0.0175 0.001 
0 0.0005 0 
0 0.0035 0.001 
0 0.0005 0 
0 0.005 0 
0 0.0005 0.0015 
0 0 0 
0 0.0035 0 
0 0.0005 0.0025 
0 0 0 
0 0.001 0.001 
0 0.0445 0 
0 0 0.0005 
0 0 0 
0 0.001 0.0005 
0 0.0015 0.001 
0 0 0.002 
0 0.001 0 
0 0 0.0005 
0 0 0.002 
0 0 0 
0 0.001 0 
0 0.001 0.0005 
0 0.001 0.0005 
0 0 0.0035 
0 0.001 0.0015 
0 0.001 0.003 
0 0.0015 0 
0 0.0005 0.0035 
0 0.0085 0.001 
0 0.0015 0.0215 
0 0.002 0.0025 
0 0.0005 0.0005 
0 0.0005 0.0095 
0 0 0.001 
0 0.0005 0.002 
0 0.0005 0 
0 0.001 0 
0 0.0005 0.001 
0 0 0.0035 
0 0.0005 0.0005 
0 0.0005 0 
0 0.0015 0.0025 
0 0.0005 0.0025 
0 0.0005 0.0015 
0 0.0005 0.0005 
0 0.015 0.0005 
0 0.001 0.001 
0 0.0005 0.001 
0 0 0.0015 
0 0.003 0.001 
0 0 0 
0 0 0 
0 0.0005 0.0005 
0 0.0005 0.0005 
0 0.0005 0.0005 
0 0.001 0.0005 
0 0 0 
0 0.002 0.0005 
0 0.002 0 
0 0.0035 0.0005 
0 0.001 0 
0 0.0005 0.002 
0 0.001 0.001 
0 0 0.0005 
0 0 0.0015 
0 0.0005 0 
0 0.0135 0 
0 0.0015 0.0005 
0 0 0.0035 
0 0.003 0.009 
0 0.0005 0.0025 
0 0.02 0 
0 0 0.0005 
0 0.0005 0.0005 
0 0.0005 0.001 
0 0.001 0.0005 
0 0.002 0.0005 
0 0 0.0005 
0 0.0005 0 
0 0.001 0 
0 0 0.001 
0 0.002 0.0005 
0 0.001 0.0005 
0 0.0005 0 
0 0.002 0.001 
0 0.008 0.001 
0 0.0005 0.001 
0 0.0035 0 
0 0.001 0 
0 0 0 
0 0.001 0 
0 0.0005 0.0005 
0 0.0015 0.0005 
0 0 0.0005 
0 0.0055 0.0005 
0 0.0025 0 
0 0 0.0005 
0 0 0 
0 0.0005 0.0005 
0 0 0 
0 0 0.0005 
0 0.001 0.0005 
0 0.0015 0.001 
0 0.0015 0.001 
0 0.001 0.0025 
0 0.0005 0 
0 0 0.0005 
0 0.0015 0 
0 0.009 0 
0 0 0 
0 0 0.0005 
0 0.0005 0.0005 
0 0.0005 0 
0 0 0 
0 0.0005 0 
0 0.002 0.0005 
0 0.0005 0.004 
0 0.0005 0 
0 0.0015 0.001 
0 0 0.0075 
0 0.0005 0.0015 
0 0 0.0005 
0 0 0.0005 
0 0 0.0005 
0 0.004 0.0025 
0 0 0.001 
0 0.0005 0 
0 0.0005 0 
0 0.0005 0.002 
0 0.0005 0.0905 
0 0.012 0 
0 0 0.001 
0 0 0 
0 0.001 0.0005 
0 0.0005 0 
0 0.001 0.001 
0 0.0015 0.0005 
0 0 0.002 
0 0 0.0015 
0 0.0035 0.001 
0 0.001 0.001 
0 0 0.005 
0 0.003 0 
0 0 0.001 
0 0.0475 0.0015 
0 0 0.0005 
0 0.001 0.0055 
0 0.001 0.004 
0 0.0005 0.001 
0 0.0015 0 
0 0 0.0035 
0 0.001 0.0005 
0 0.001 0.001 
0 0.0035 0.001 
0 0.0005 0 
0 0.0005 0.0025 
0 0.0005 0 
0 0.0005 0 
0 0.0005 0.0005 
0 0.0005 0 
0 0 0.001 
0 0 0.0005 
0 0 0.001 
0 0 0 
0 0.001 0 
0 0.001 0.0005 
0 0 0.001 
0 0.0005 0.0015 
0 0 0.0025 
0 0.001 0.001 
0 0.0005 0.001 
0 0.0005 0.0005 
0 0 0 
0 0 0 
0 0.0015 0.0005 
0 0.001 0.0005 
0 0.001 0.0005 
0 0.0015 0 
0 0 0.0045 
0 0 0.0005 
0 0 0.0005 
0 0.0015 0 
0 0.001 0.0005 
0 0.0005 0 
0 0 0.001 
0 0.0005 0.0005 
0 0 0.001 
0 0 0.0005 
0 0.001 0 
0 0.0005 0.001 
0 0.0005 0 
0 0.001 0.0015 
0 0.0005 0.001 
0 0.001 0 
0 0.02 0.0005 
0 0.0005 0.0005 
0 0.0005 0.003 
0 0 0.0005 
0 0 0 
0 0.0005 0.0005 
0 0.001 0.0005 
0 0.0005 0.0045 
0 0 0.0025 
0 0 0 
0 0 0.001 
0 0 0.008 
0 0.0005 0.0005 
0 0.002 0.001 
0 0 0 
0 0.003 0.0005 
0 0.001 0 
0 0 0.001 
0 0.0025 0 
0 0.0005 0 
0 0.001 0.0005 
0 0 0 
0 0.0005 0.0015 
0 0.001 0 
0 0 0.0485 
0 0.0005 0.005 
0 0 0.0015 
0 0.0005 0.0005 
0 0.0005 0.001 
0 0 0.0005 
0 0.0005 0.0005 
0 0.001 0.0005 
0 0.0055 0.0005 
0 0.0015 0.0005 
0 0.0015 0.0005 
0 0.0005 0.0005 
0 0.0005 0.002 
0 0 0.0005 
0 0.0005 0.0005 
0 0 0.0015 
0 0.0005 0.011 
0 0 0.0025 
0 0 0 
0 0.0005 0.0005 
0 0.0025 0.0005 
0 0 0.004 
0 0 0.0005 
0 0.0075 0.0095 
0 0.001 0 
0 0 0.0005 
0 0.0015 0 
0 0.0005 0.002 
0 0.001 0.0005 
0 0 0 
0 0.0005 0.0085 
0 0.0005 0.0005 
0 0 0 
0 0.0005 0.0005 
0 0.001 0.001 
0 0 0.0045 
0 0.0005 0 
0 0.0005 0.01 
0 0.0005 0.002 
0 0.002 0 
0 0.0005 0.0005 
0 0.001 0.0015 
0 0.001 0 
0 0 0 
0 0.0005 0.0005 
0 0.002 0.0005 
0 0 0.002 
0 0.0015 0.009 
0 0.001 0.0065 
0 0.0045 0.0005 
0 0 0.0005 
0 0.003 0 
0 0.0005 0 
0 0.002 0.0005 
0 0.0005 0 
0 0.0005 0.001 
0 0.0005 0.0005 
0 0.001 0.0005 
0 0 0 
0 0.001 0.001 
0 0.001 0 
0 0.0005 0.0025 
0 0.0165 0.007 
0 0.0005 0.001 
0 0.0005 0.0005 
0 0 0.0005 
0 0.0015 0 
0 0.002 0.001 
0 0 0.0005 
0 0.0005 0.0015 
0 0.0005 0.001 
0 0.0005 0.002 
0 0 0.0005 
0 0.001 0 
0 0.0005 0.001 
0 0.001 0.002 
0 0.003 0.0005 
0 0.0005 0.0005 
0 0.001 0.0075 
0 0.0005 0.0005 
0 0.001 0 
0 0.001 0 
0 0.001 0.001 
0 0 0.0005 
0 0.0005 0.0005 
0 0 0.001 
0 0.0025 0 
0 0.0015 0.0005 
0 0.0005 0.001 
0 0.0005 0 
0 0.0005 0.002 
0 0.0015 0.001 
0 0.0255 0.001 
0 0.001 0 
0 0.0005 0.0005 
0 0 0 
0 0.0005 0 
0 0.001 0.0005 
0 0.0005 0.0005 
0 0.0025 0 
0 0.0005 0.002 
0 0.0005 0.0005 
0 0 0.0015 
0 0.001 0.0005 
0 0.0005 0 
0 0.001 0 
0 0 0.0005 
0 0 0 
0 0.001 0 
0 0.001 0.001 
0 0.0005 0 
0 0.0015 0.002 
0 0.0005 0.0005 
0 0 0.006 
0 0.0015 0.0005 
0 0 0 
0 0.007 0.0005 
0 0.001 0.001 
0 0.003 0.0025 
0 0.0005 0.0015 
0 0 0.0015 
0 0.0015 0.0015 
0 0.0005 0.0025 
0 0 0.0025 
0 0 0.0015 
0 0.0005 0.0005 
0 0.001 0.003 
0 0.0745 0.0035 
0 0.0005 0.0005 
0 0.002 0.0005 
0 0 0 
0 0.0015 0 
0 0.0005 0.0005 
0 0.001 0.0005 
0 0.0055 0.001 
0 0 0.001 
0 0.0015 0 
0 0.0015 0 
0 0.0015 0.0005 
0 0 0 
0 0 0.0005 
0 0.0005 0 
0 0 0.0005 
0 0.0005 0.0015 
0 0.0015 0 
0 0.0045 0.003 
0 0.0015 0.007 
0 0.0015 0.007 
0 0.006 0 
0 0.001 0.0005 
0 0.0005 0.0005 
0 0.0005 0.0005 
0 0.001 0 
0 0.0015 0.001 
0 0.0025 0.004 
0 0.0005 0.0005 
0 0.001 0.0145 
0 0.0005 0.002 
0 0 0.001 
0 0 0.0005 
0 0 0.007 
0 0.0015 0.002 
0 0 0 
0 0.001 0.0005 
0 0.0025 0.0195 
0 0.0005 0.0035 
0 0 0.0015 
0 0.0005 0.0005 
0 0.0025 0.001 
0 0.003 0.0005 
0 0 0 
0 0 0.0015 
0 0.001 0.0005 
0 0.003 0.013 
0 0.0025 0 
0 0.0005 0 
0 0.001 0 
0 0 0.0005 
0 0.0025 0.0005 
0 0.0005 0.0005 
0 0.0005 0.0005 
0 0 0.0005 
0 0.0005 0 
0 0.0005 0.0005 
0 0.0005 0.0075 
0 0.0005 0.001 
0 0 0.001 
0 0 0.001 
0 0.001 0.0005 
0 0.0275 0.003 
0 0 0 
0 0 0.001 
0 0.0005 0.0005 
0 0.002 0 
0 0 0 
0 0 0.0005 
0 0.0005 0 
0 0.0035 0.0045 
0 0 0.001 
0 0.0045 0.001 
0 0 0.012 
0 0 0 
0 0.0005 0.0005 
0 0 0.001 
0 0 0.001 
0 0.0005 0.001 
0 0.0005 0 
0 0.0005 0.006 
0 0.0055 0.0015 
0 0.0005 0.0005 
0 0.0005 0.009 
0 0 0 
0 0.0005 0.0055 
0 0.0005 0.001 
0 0 0.001 
0 0 0.0025 
0 0.0005 0 
0 0.0005 0 
0 0.0005 0 
0 0 0.0005 
0 0.002 0.0015 
0 0.0005 0.0005 
0 0.0005 0.001 
0 0.001 0.0045 
0 0.005 0.0015 
0 0 0 
0 0.003 0 
0 0.034 0.0005 
0 0.0445 0.0015 
0 0 0 
0 0 0.001 
0 0.0195 0.0005 
0 0 0.0005 
0 0.001 0.0005 
0 0.001 0.0015 
0 0 0.0005 
0 0.001 0.001 
0 0.0005 0.002 
0 0.002 0 
0 0.009 0.0005 
0 0.034 0.0005 
0 0.001 0.0035 
0 0.009 0 
0 0.001 0 
0 0.0015 0 
0 0 0.003 
0 0.001 0.001 
0 0.0015 0 
0 0 0.0005 
0 0 0.0005 
0 0 0.003 
0 0.0005 0.0005 
0 0 0.0015 
0 0.0005 0.001 
0 0 0 
0 0 0.0015 
0 0 0.0005 
0 0.0015 0 
0 0.001 0.0005 
0 0 0 
0 0.001 0.0035 
0 0 0 
0 0.0005 0.0015 
0 0.0025 0 
0 0 0.0005 
0 0 0 
0 0.013 0 
0 1 0.003 
0 0.002 0.0015 
0 0 0.0005 
0 0.001 0.0085 
0 0 0.002 
0 0.001 0 
0 0.005 0.002 
0 0 0 
0 0 0.002 
0 0 0.0005 
0 0.001 0.0005 
0 0.0005 0.0005 
0 0.0015 0 
0 0.0015 0 
0 0.001 0 
0 0.0015 0.001 
0 0.0015 0.0005 
0 0 0.0005 
0 0.003 0 
0 0 0.0005 
0 0.0005 0 
0 0.0005 0.0005 
0 0.0345 0 
0 0.0005 0.002 
0 0.002 0 
0 0 0.0005 
0 0 0.001 
0 0.0005 0.0025 
0 0 0.0005 
0 0.0005 0.0005 
0 0.004 0 
0 0.002 0.001 
0 0.001 0 
0 0.001 0.001 
0 0.001 0.0005 
0 0.0105 0.006 
0 0.001 0.002 
0 0 0.0005 
0 0.006 0.0005 
0 0.012 0.0005 
0 0 0 
0 0.0005 0.002 
0 0.001 0 
0 0.0015 0.01 
0 0.001 0.001 
0 0.0015 0.001 
0 0.0005 0.005 
0 0.0005 0.001 
0 0.0005 0.0025 
0 0.002 0 
0 0.001 0.001 
0 0 0.001 
0 0.0045 0.001 
0 0.0005 0.0065 
0 0.0025 0.0025 
0 0.001 0 
0 0.0005 0 
0 0.0005 0.0015 
0 0.002 0 
0 0.0005 0.001 
0 0.0005 0 
0 0 0 
0 0 0.0015 
0 0.001 0.0005 
0 0.002 0.0005 
0 0 0 
0 0 0.0015 
0 0.002 0.0055 
0 0.0005 0.001 
0 0.0005 0 
0 0 0.0005 
0 0.0405 0 
0 0.0005 0.0005 
0 0.0005 0.001 
0 0.0005 0 
0 0.0005 0.0025 
0 0 0.001 
0 0.0005 0.001 
0 0.0015 0.0135 
0 0 0.0005 
0 0 0.0065 
0 0.0005 0.001 
0 0.001 0 
0 0 0.0005 
0 0.0045 0.001 
0 0 0.0005 
0 0 0 
0 0.001 0.001 
0 0.0005 0.0005 
0 0.0005 0.001 
0 0 0.0005 
0 0.001 0 
0 0.047 0.0005 
0 0.02 0.0055 
0 0.0005 0 
0 0.0005 0.004 
0 0.0015 0 
0 0.001 0.002 
0 0.0005 0 
0 0 0.0005 
0 0 0.0005 
0 0.0005 0.001 
0 0.003 0 
0 0.0005 0.001 
0 0.0005 0.0005 
0 0 0 
0 0.0005 0.0015 
0 0.001 0 
0 0.0005 0 
0 0.001 0.0005 
0 0.003 0.01 
0 0.0005 0.0005 
0 0.0005 0.0005 
0 0.0015 0.0005 
0 0.0005 0.001 
0 0.0005 0.0005 
0 0 0.001 
0 0.0005 0.0005 
0 0.003 0.0005 
0 0.0015 0 
0 0 0 
0 0 0.0025 
0 0 0.001 
0 0 0.001 
0 0.001 0.0005 
0 0 0 
0 0 0 
0 0.001 0 
0 0.001 0.001 
0 0.001 0.0005 
0 0.001 0.0005 
0 0.0005 0.01 
0 0.001 0.0005 
0 0.0135 0.0005 
0 0.0035 0.0005 
0 0.001 0.001 
0 0.001 0.002 
0 0.0005 0 
0 0.0005 0.005 
0 0.0005 0 
0 0.0005 0.001 
0 0 0 
0 0.0015 0.0005 
0 0.0005 0.0005 
0 0.0005 0.0005 
0 0.0005 0 
0 0.001 0.002 
0 0 0.001 
0 0 0 
0 0 0.001 
0 0.0025 0 
0 0.002 0.0005 
0 0.0005 0.001 
0 0 0.0005 
0 0.0195 0 
0 0 0 
0 0.003 0.0005 
0 0 0 
0 0.0005 0.002 
0 0.0005 0 
0 0.001 0.001 
0 0 0.0005 
0 0 0.001 
0 0 0.0005 
0 0 0.0005 
0 0.0005 0.0005 
0 0.0005 0.005 
0 0.0005 0 
0 0.001 0 
0 0.001 0.001 
0 0.004 0.0005 
0 0.0015 0 
0 0.0005 0 
0 0.0045 0.0005 
0 0.0005 0.006 
0 0.0005 0 
0 0 0.0085 
0 0 0 
0 0.0005 0 
0 0.0005 0.0005 
0 0 0.0005 
0 0.001 0.002 
0 0.0005 0.001 
0 0 0.0015 
0 0.0015 0.0005 
0 0.0005 0.0055 
0 0.001 0 
0 0.0005 0.0005 
0 0 0 
0 0.0005 0.0025 
0 0.0005 0.0035 
0 0 0.0005 
0 0.001 0.0025 
0 0.002 0 
0 0.001 0.001 
0 0 0.002 
0 0.001 0.0005 
0 0 0 
0 0.001 0.0005 
0 0.001 0.0005 
0 0.0005 0.001 
0 0.001 0.0005 
0 0.001 0 
0 0.004 0.0005 
0 0.0005 0.0005 
0 0 0.0025 
0 0 0.0005 
0 0.001 0.0015 
0 0.001 0.0015 
0 0.0005 0.001 
0 0.001 0.0015 
0 0.001 0.001 
0 0.001 0.0005 
0 0.003 0 
0 0 0.002 
0 0 0.0015 
0 0.0005 0.015 
0 0.001 0.0015 
0 0 0 
0 0.0085 0.005 
0 0.0005 0 
0 0.0025 0.0005 
0 0.001 0.01 
0 0.001 0.0005 
0 0.001 0 
0 0 0.0005 
0 0.001 0.0005 
0 0.0005 0.001 
0 0.0005 0.002 
0 0.002 0.002 
0 0.0025 0.002 
0 0.0005 0.0105 
0 0.0005 0 
0 0 0.001 
0 0.0005 0.001 
0 0.0005 0 
0 0.0045 0 
0 0.001 0.0545 
0 0 0 
0 0 0.0005 
0 0 0.003 
0 0.0005 0.0005 
0 0.003 0.0005 
0 0 0.0015 
0 0.001 0.002 
0 0 0.0005 
0 0.0005 0.0005 
0 0.0005 0.0005 
0 0.001 0.0005 
0 0 0.0005 
0 0.0005 0.0005 
0 0.0005 0.0005 
0 0 0.0055 
0 0 0 
0 0.0015 0.0005 
0 0.0005 0 
0 0 0.0005 
0 0 0.005 
0 0 0 
0 0.001 0 
0 0.0115 0.0005 
0 0 0 
0 0 0.0005 
0 0.0005 0.005 
0 0.0005 0.0005 
0 0.001 0.0005 
0 0.0015 0.008 
0 0 0 
0 0.0005 0.001 
0 0.001 0.0015 
0 0.0005 0 
0 0.0005 0.0005 
0 0 0.001 
0 0.001 0.0005 
0 0.0015 0.001 
0 0.001 0.0015 
0 0.0005 0 
0 0 0.0005 
0 0.0015 0 
0 0 0.0035 
0 0 0.001 
0 0.0005 0 
0 0 0 
0 0.001 0.001 
0 0 0.0025 
0 0.001 0.001 
0 0.0005 0 
0 0 0.001 
0 0.0005 0 
0 0.0005 0.001 
0 0 0.0025 
0 0.0005 0.0015 
0 0 0 
0 0.002 0.001 
0 0.001 0.001 
0 0.03 0 
0 0.0005 0.0005 
0 0.001 0.0005 
0 0.0005 0 
0 0.014 0.0075 
0 0 0 
0 0.0005 0 
0 0.0045 0 
0 0.0005 0.0005 
0 0.001 0.001 
0 0 0 
0 0.0005 0.001 
0 0.0045 0.003 
0 0.0005 0.0005 
0 0 0.0005 
0 0.0005 0.0005 
0 0.005 0 
0 0 0 
0 0 0.0015 
0 0 0.0005 
0 0.001 0.0005 
0 0.062 0.009 
0 0.0005 0 
0 0.0015 0.004 
0 0.0005 0 
0 0 0 
0 0.0015 0.001 
0 0.001 0 
0 0.0015 0.004 
0 0.0015 0.0005 
0 0.0015 0.0015 
0 0 0 
0 0 0.001 
0 0.0015 0.0005 
0 0 0 
0 0.001 0 
0 0.001 0 
0 0 0 
0 0.0025 0 
0 0 0 
0 0 0.001 
0 0.0005 0 
0 0.0005 0 
0 0 0 
0 0.0015 0.0005 
0 0.011 0.0005 
0 0 0.0005 
0 0.001 0.002 
0 0.001 0.0005 
0 0.002 0.0005 
0 0.001 0.003 
0 0.001 0.0015 
0 0.001 0 
0 0.0005 0 
0 0.0015 0.0005 
0 0.015 0.001 
0 0.0005 0.001 
0 0.0005 0.0005 
0 0 0.0005 
0 0.001 0.001 
0 0.0005 0 
0 0.006 0 
0 0 0 
0 0.002 0.0005 
0 0.001 0 
0 0 0.0005 
0 0 0.0005 
0 0.0015 0.0005 
0 0.001 0.0005 
0 0.0005 0 
0 0.0005 0.0025 
0 0 0 
0 0.0065 0.001 
0 0.001 0.005 
0 0.001 0.0005 
0 0 0.001 
0 0.0005 0.0005 
0 0 0.002 
0 0.0015 0.0015 
0 0 0.0015 
0 0.001 0.0005 
0 0.001 0.0045 
0 0 0.0005 
0 0.0005 0.001 
0 0.0005 0.001 
0 0.001 0.001 
0 0.0525 0.0095 
0 0.0005 0.001 
0 0.0005 0.001 
0 0 0.001 
0 0.0005 0.001 
0 0.001 0.001 
0 0.0005 0 
0 0 0.0015 
0 0.0005 0.001 
0 0.001 0.0005 
0 0.007 0 
0 0 0 
0 0.0265 0.002 
0 0.0005 0 
0 0.0005 0.0025 
0 0.002 0.001 
0 0 0 
0 0.0005 0 
0 0.0225 0.0035 
0 0.0005 0.0005 
0 0.0005 0.0055 
0 0.0005 0.0015 
0 0 0.0005 
0 0.001 0.002 
0 0 0 
0 0.0015 0.0005 
0 0.001 0.001 
0 0 0 
0 0.003 0.0005 
0 0.0015 0.003 
0 0.0015 0 
0 0 0.001 
0 0.0005 0 
0 0.003 0 
0 0.0005 0 
0 0 0.001 
0 0.0005 0 
0 0.0005 0 
0 0.0005 0.002 
0 0 0 
0 0.0005 0.002 
0 0.001 0.003 
0 0.005 0.0005 
0 0.007 0 
0 0.001 0 
0 0.0005 0.0005 
0 0 0.0005 
0 0.0005 0 
0 0 0.0005 
0 0.0005 0.001 
0 0.0015 0.004 
0 0.001 0 
0 0.001 0 
0 0.001 0.0005 
0 0 0 
0 0.0005 0 
0 0.003 0.003 
0 0 0.001 
0 0.0005 0.0005 
0 0.0005 0.0005 
0 0.0005 0.0005 
0 0 0.0015 
0 0.001 0 
0 0 0 
0 0 0 
0 0.0005 0 
0 0.0005 0.002 
0 0 0 
0 0.001 0 
0 0.006 0.0015 
0 0 0.0015 
0 0 0.0055 
0 0 0.0005 
0 0.0015 0.006 
0 0.001 0.001 
0 0.0005 0.0035 
0 0 0.001 
0 0.015 0.0015 
0 0.0005 0 
0 0.001 0.003 
0 0 0.0015 
0 0.003 0 
0 0.0005 0.001 
0 0.002 0.0005 
0 0.0005 0.001 
0 0.0005 0 
0 0.0015 0 
0 0 0.0005 
0 0.003 0 
0 0.0005 0.001 
0 0 0.0005 
0 0.005 0.0035 
0 0 0.001 
0 0.0005 0.002 
0 0 0.001 
0 0.0005 0.0005 
0 0.0005 0 
0 0.0005 0.0005 
0 0 0.01 
0 0.001 0.0015 
0 0.0015 0.0015 
0 0.0005 0.0005 
0 0.0005 0.001 
0 0 0.0015 
0 0.0015 0 
0 0 0 
0 0 0.0005 
0 0.0005 0 
0 0.0005 0.001 
0 0.0005 0.001 
0 0.0005 0.001 
0 0.0015 0.0315 
0 0.001 0.001 
0 0.0005 0.0005 
0 0 0 
0 0 0 
0 0.001 0 
0 0.0005 0 
0 0 0.001 
0 0 0.002 
0 0.0015 0.001 
0 0.0405 0.0005 
0 0.001 0.0005 
0 0 0.0045 
0 0.0005 0 
0 0.002 0.0005 
0 0.001 0.0005 
0 0.0015 0.001 
0 0 0.0015 
0 0.0055 0.015 
0 0.001 0.002 
0 0.0005 0 
0 0.001 0 
0 0.0015 0.001 
0 0 0 
0 0.0005 0.0005 
0 0 0.0005 
0 0 0.001 
0 0.0005 0 
0 0.001 0.0035 
0 0 0.0015 
0 0 0 
0 0.0015 0.0005 
0 0.1215 0 
0 0.001 0.001 
0 0 0.0015 
0 0 0.0005 
0 0.0005 0 
0 0 0.0035 
0 0.0005 0.03 
0 0.0035 0.001 
0 0.0015 0 
0 0.001 0.003 
0 0 0.002 
0 0 0.0005 
0 0.002 0.0005 
0 0 0 
0 0 0.0005 
0 0 0 
0 0 0.0035 
0 0.0005 0 
0 0.001 0 
0 0 0 
0 0.001 0.0025 
0 0 0 
0 0.0005 0.0035 
0 0.0005 0.001 
0 0.001 0.0005 
0 0 0.0005 
0 0.0005 0.001 
0 0.0005 0.0085 
0 0.004 0.001 
0 0.0005 0.0005 
0 0.0005 0.0005 
0 0.001 0.0005 
0 0 0 
0 0 0.0005 
0 0.0005 0 
0 0.0015 0 
0 0.0405 0.002 
0 0 0.007 
0 0.001 0.002 
0 0.001 0.001 
0 0.0045 0.002 
0 0.0075 0.0105 
0 0 0.007 
0 0.0035 0 
0 0.001 0.0005 
0 0.001 0.0015 
0 0.0005 0.0015 
0 0 0 
0 0.0005 0 
0 0.0005 0.0005 
0 0.001 0.001 
0 0 0.0015 
0 0 0 
0 0 0.001 
0 0.0005 0.0005 
0 0.007 0.001 
0 0.001 0 
0 0.0005 0.0005 
0 0 0.001 
0 0.0005 0.001 
0 0 0.0005 
0 0.0005 0 
0 0 0.0005 
0 0.006 0 
0 0.001 0 
0 0 0.001 
0 0.0005 0 
0 0 0.0025 
0 0.0025 0.0015 
0 0 0.0005 
0 0.001 0 
0 0.0005 0.0005 
0 0.001 0.0005 
0 0.0005 0.0005 
0 0.0005 0.0005 
0 0.001 0 
0 0.0005 0 
0 0.0005 0 
0 0 0.0005 
0 0 0 
0 0 0.001 
0 0 0.01 
0 0.0005 0.0005 
0 0.0025 0 
0 0.003 0.001 
0 0.0005 0.011 
0 0 0.001 
0 0.0005 0.0015 
0 0 0.0005 
0 0.001 0.0115 
0 0 0.001 
0 0.0005 0 
0 0.001 0.001 
0 0.0005 0.0005 
0 0.0005 0.0005 
0 0 0.0405 
0 0.0025 0 
0 0.0005 0 
0 0 0.0005 
0 0.0005 0.0005 
0 0 0 
0 0.0005 0.001 
0 0 0.0005 
0 0.0005 0.004 
0 0.008 0.001 
0 0.0015 0.001 
0 0.0015 0.0005 
0 0 0 
0 0.001 0 
0 0.001 0.001 
0 0.0015 0.0015 
0 0.0015 0.0005 
0 0.011 0.0005 
0 0.001 0 
0 0.0125 0.001 
0 0.001 0 
0 0 0.0005 
0 0.001 0.018 
0 0.0005 0 
0 0.0005 0.001 
0 0 0.0005 
0 0 0.0045 
0 0.001 0.0005 
0 0.003 0 
0 0.0005 0.0015 
0 0.0005 0.0045 
0 0.0005 0.0005 
0 0 0 
0 0 0.001 
0 0.003 0 
0 0.001 0.0005 
0 0.001 0.003 
0 0.001 0 
0 0 0.0005 
0 0.0005 0.0005 
0 0.0005 0.0005 
0 0 0.001 
0 0.0005 0.005 
0 0.0075 0.0005 
0 0.001 0.002 
0 0 0.0015 
0 0.001 0.469 
0 0.0025 0 
0 0.0005 0.0015 
0 0.002 0.0005 
0 0.0005 0.0085 
0 0.0005 0.0015 
0 0.0005 0.004 
0 0 0.0005 
0 0 0.0005 
0 0.001 0 
0 0.0005 0 
0 0.0025 0.0005 
0 0 0.001 
0 0 0.001 
0 0 0.002 
0 0.0005 0 
0 0 0 
0 0 0 
0 0.001 0 
0 0.0005 0 
0 0 0.0135 
0 0 0 
0 0.001 0 
0 0.0015 0.001 
0 0.002 0.001 
0 0.0015 0 
0 0.001 0 
0 0 0.0035 
0 0 0.001 
0 0.001 0.0005 
0 0.0005 0.001 
0 0.001 0 
0 0 0.0005 
0 0.001 0.0005 
0 0.0015 0.003 
0 0.0015 0.001 
0 0.0005 0.0005 
0 0.001 0.001 
0 0.001 0.012 
0 0.001 0.0005 
0 0.0015 0.0005 
0 0 0.0265 
0 0 0.0005 
0 0 0.0015 
0 0.0005 0.0005 
0 0.001 0 
0 0 0 
0 0 0.0005 
0 0 0.0015 
0 0.0005 0 
0 0.0005 0.0015 
0 0.0005 0.002 
0 0.001 0.0005 
0 0.0015 0.0005 
0 0 0.0005 
0 0 0.0005 
0 0.0005 0.004 
0 0.001 0.0005 
0 0 0.0005 
0 0.0005 0.0005 
0 0 0 
0 0 0 
0 0.001 0.0005 
0 0 0.001 
0 0 0 
0 0.0005 0.001 
0 0 0.002 
0 0.001 0.0065 
0 0.0015 0.001 
0 0 0.0005 
0 0.001 0.001 
0 0.0005 0.0005 
0 0.0005 0.0005 
0 0.0205 0.0005 
0 0.0015 0.001 
0 0.0005 0.0015 
0 0.0005 0.002 
0 0 0.001 
0 0.001 0.0015 
0 0 0.0005 
0 0.0005 0.0005 
0 0.0025 0 
0 0 0.0025 
0 0.0015 0.001 
0 0 0.0005 
0 0.0025 0.0015 
0 0.0015 0.0015 
0 0 0.0005 
0 0.0005 0 
0 0 0.0005 
0 0 0.0005 
0 0.0005 0 
0 0.0005 0.001 
0 0 0.0005 
0 0.0005 0.0015 
0 0.0015 0 
0 0.001 0.0005 
0 0.0005 0 
0 0.002 0 
0 0.0005 0.001 
0 0.002 0 
0 0.0005 0.0005 
0 0 0.001 
0 0.001 0.0045 
0 0.0005 0.0005 
0 0.001 0 
0 0 0.001 
0 0.0025 0.001 
0 0.001 0.0015 
0 0 0 
0 0.002 0 
0 0.001 0.0365 
0 0.0005 0 
0 0.0005 0 
0 0.0005 0.0005 
0 0.0005 0.0005 
0 0.001 0 
0 0.001 0.0015 
0 0.0015 0.0005 
0 0.0005 0 
0 0 0.001 
0 0 0.001 
0 0.0005 0.001 
0 0.0005 0.0005 
0 0 0.0005 
0 0.0005 0.0035 
0 0.0005 0 
0 0.0005 0.0005 
0 0.001 0.0005 
0 0.0015 0.0005 
0 0 0 
0 0 0.0005 
0 0.0005 0 
0 0.001 0.0005 
0 0.0005 0.0005 
0 0.001 0.016 
0 0.0005 0.0085 
0 0.0005 0 
0 0.0005 0.0005 
0 0.038 0.0005 
0 0.0015 0 
0 0.0005 0.001 
0 0.0005 0.0005 
0 0.0005 0.0005 
0 0 0.0005 
0 0.001 0.0015 
0 0 0.0015 
0 0.0005 0.0005 
0 0.001 0.0005 
0 0.0015 0.019 
0 0.0035 0.0005 
0 0.0005 0.001 
0 0.0005 0.011 
0 0 0.001 
0 0.0005 0 
0 0.0045 0.0005 
0 0 0.001 
0 0.001 0 
0 0.0055 0.0015 
0 0.0005 0.0075 
0 0.001 0.0005 
0 0.01 0.0015 
0 0.0025 0 
0 0 0.0015 
0 0.0005 0.0015 
0 0.007 0 
0 0.001 0.0025 
0 0.0005 0.001 
0 0.0005 0.0015 
0 0.0025 0.0005 
0 0.001 0.0005 
0 0.0005 0.052 
0 0.002 0.0005 
0 0 0 
0 0 0 
0 0 0 
0 0.0005 0.0005 
0 0 0 
0 0.0005 0.0015 
0 0.0025 0.0005 
0 0.0005 0.0005 
0 0 0.202 
0 0 0.0005 
0 0.0005 0.0005 
0 0.0005 0 
0 0 0 
0 0.0015 0.0005 
0 0.0005 0 
0 0.001 0.0005 
0 0 0.0005 
0 0.0005 0 
0 0 0.001 
0 0.0065 0.103 
0 0.0005 0.0005 
0 0.0005 0 
0 0.0015 0.0005 
0 0 0.0005 
0 0 0.002 
0 0.001 0 
0 0.0005 0.0005 
0 0.0015 0.0005 
0 0.001 0 
0 0 0.001 
0 0 0.001 
0 0.0015 0.001 
0 0.0005 0.001 
0 0.0005 0.002 
0 0.0005 0.0005 
0 0.001 0.0005 
0 0.0005 0.001 
0 0.0005 0.0005 
0 0.002 0.0005 
0 0.0005 0 
0 0.0005 0.0005 
0 0.0005 0 
0 0.001 0.002 
0 0.001 0.0015 
0 0 0 
0 0 0.0035 
0 0 0.008 
0 0.001 0 
0 0.0015 0.0045 
0 0.001 0.0045 
0 0.001 0.0025 
0 0.0005 0.028 
0 0.0005 0.0005 
0 0 0.0005 
0 0.0005 0.0005 
0 0.001 0.0005 
0 0.0005 0.0005 
0 0.003 0.001 
0 0 0.001 
0 0 0.0005 
0 0.0005 0.002 
0 0.001 0.0005 
0 0.0005 0.0015 
0 0.001 0.001 
0 0.0015 0.0005 
0 0 0 
0 0 0.0005 
0 0.0005 0.001 
0 0 0.0045 
0 0.0005 0.0005 
0 0 0.0005 
0 0 0.0105 
0 0.015 0 
0 0.0005 0.0005 
0 0.0005 0.0005 
0 0 0.0005 
0 0.001 0.0005 
0 0.0035 0.0045 
0 0.0005 0 
0 0.1335 0.0005 
0 0.0005 0 
0 0 0 
0 0.001 0.007 
0 0.002 0.002 
0 0.0005 0 
0 0.001 0.003 
0 0.0005 0.0005 
0 0.002 0.0035 
0 0.0005 0.001 
0 0.001 0.012 
0 0 0 
0 0 0.0015 
0 0.002 0.001 
0 0.0005 0.001 
0 0.0005 0 
0 0.0005 0.0025 
0 0.001 0.001 
0 0 0 
0 0.0005 0 
0 0.0005 0 
0 0 0.0005 
0 0 0 
0 0 0.0705 
0 0.001 0 
0 0.001 0.0005 
0 0.002 0.0005 
0 0 0.001 
0 0.0005 0 
0 0.003 0.0025 
0 0.001 0.0005 
0 0.0005 0.0005 
0 0.0005 0 
0 0.0005 0.0005 
0 0 0.001 
0 0.002 0 
0 0 0 
0 0 0 
0 0 0 
0 0.0005 0 
0 0.001 0.0015 
0 0.049 0.0015 
0 0.001 0 
0 0.0015 0.022 
0 0 0 
0 0 0 
0 0.007 0.0005 
0 0 0 
0 0.0005 0.0045 
0 0.0965 0.0105 
0 0.0035 0 
0 0.001 0.0005 
0 0.0005 0.0005 
0 0.002 0.001 
0 0 0 
0 0.0035 0.0015 
0 0.0015 0.0005 
0 0 0 
0 0 0 
0 0 0.0005 
0 0 0.001 
0 0.0005 0 
0 0 0.0005 
0 0 0.0105 
0 0 0.001 
0 0.001 0 
0 0 0.001 
0 0 0.0005 
0 0.0015 0.0005 
0 0 0.0005 
0 0.0005 0.001 
0 0.002 0.0005 
0 0.001 0.002 
0 0.001 0.0005 
0 0.0005 0 
0 0.001 0.0055 
0 0 0.0005 
0 0 0.0015 
0 0.0005 0 
0 0.001 0.0165 
0 0.001 0 
0 0.0005 0.001 
0 0.001 0.0015 
0 0.0005 0.0005 
0 0 0.0005 
0 0 0.0045 
0 0.0005 0 
0 0.001 0.0005 
0 0.0005 0 
0 0 0.0005 
0 0.0005 0.001 
0 0.0015 0 
0 0.0005 0.002 
0 0 0.0015 
0 0.0025 0.001 
0 0 0.003 
0 0 0.001 
0 0 0.0025 
0 0 0.0015 
0 0.001 0.01 
0 0.0005 0.12 
0 0.0005 0.0005 
0 0.0005 0.018 
0 0 0.0005 
0 0 0.0005 
0 0.001 0.0005 
0 0.0035 0.001 
0 0.001 0.016 
0 0.0015 0 
0 0.0025 0.0005 
0 0 0 
0 0.0005 0 
0 0.0005 0 
0 0.001 0.0005 
0 0 0.0005 
0 0.001 0.0005 
0 0.0005 0 
0 0.0005 0.0015 
0 0.002 0.0005 
0 0 0.0035 
0 0 0 
0 0 0.0005 
0 0 0.0005 
0 0.001 0.0005 
0 0.0005 0.0015 
0 0.001 0.8675 
0 0.003 0.002 
0 0.001 0.0025 
0 0 0.0015 
0 0.0005 0 
0 0.003 0.002 
0 0.0005 0 
0 0 0.002 
0 0.0055 0 
0 0.0015 0.0085 
0 0.002 0 
0 0 0 
0 0.0005 0.001 
0 0 0.001 
0 0.002 0 
0 0.0005 0 
0 0.014 0.028 
0 0.006 0.001 
0 0.0005 0 
0 0 0 
0 0.0035 0.001 
0 0 0.012 
0 0.0005 0.001 
0 0.0015 0.002 
0 0 0 
0 0.001 0.001 
0 0.001 0.009 
0 0.0015 0.004 
0 0.0005 0.0005 
0 0.002 0.001 
0 0.0005 0 
0 0 0.0035 
0 0.001 0 
0 0.0015 0.0015 
0 0.0005 0 
0 0.003 0.0045 
0 0.008 0.0005 
0 0.0005 0.0015 
0 0.001 0.0015 
0 0 0.0005 
0 0 0.0005 
0 0.001 0.004 
0 0.001 0.0005 
0 0.001 0.001 
0 0 0 
0 0 0.0015 
0 0.0015 0.002 
0 0.001 0 
0 0.0005 0 
0 0 0.001 
0 0.0005 0 
0 0.004 0.003 
0 0 0 
0 0 0.0375 
0 0.0005 0.0005 
0 0 0.001 
0 0.0005 0 
0 0.001 0.0945 
0 0.0005 0.0005 
0 0.0005 0 
0 0.0005 0.001 
0 0.0005 0 
0 0.0015 0.0005 
0 0.0005 0.0215 
0 0.0005 0.0005 
0 0.0005 0.0065 
0 0.001 0.001 
0 0.0005 0 
0 0 0.0005 
0 0 0.0015 
0 0.0015 0.0005 
0 0 0 
0 0.0005 0.0005 
0 0 0 
0 0.0005 0.001 
0 0 0.0025 
0 0.0015 0.002 
0 0.0005 0 
0 0 0 
0 0.0015 0.0005 
0 0 0.001 
0 0.0015 0.001 
0 0.0005 0.0005 
0 0.001 0 
0 0.0005 0.0015 
0 0.001 0.0005 
0 0 0.0025 
0 0.0025 0.001 
0 0 0.0005 
0 0.0005 0.0005 
0 0.0015 0.0025 
0 0.001 0.0005 
0 0.0005 0.0005 
0 0 0 
0 0.001 0 
0 0.001 0.0015 
0 0.0005 0.0025 
0 0.002 0.001 
0 0.0005 0.0005 
0 0 0.0005 
0 0.001 0.001 
0 0.0005 0.001 
0 0 0.0035 
0 0.001 0.001 
0 0.0005 0.001 
0 0.0025 0.0015 
0 0 0.0015 
0 0.0015 0.0005 
0 0.004 0 
0 0.0005 0.0005 
0 0.0015 0.0005 
0 0.001 0 
0 0 0 
0 0 0.0015 
0 0 0.003 
0 0 0 
0 0.0005 0.001 
0 0.0045 0 
0 0 0.0005 
0 0 0.002 
0 0 0 
0 0 0.0005 
0 0 0.001 
0 0 0 
0 0.003 0.001 
0 0.0015 0.0035 
0 0.0005 0.0025 
0 0.0005 0.0005 
0 0.0005 0.0015 
0 0 0.0005 
0 0.001 0.001 
0 0.0005 0.001 
0 0.001 0.0005 
0 0.0005 0.0005 
0 0.0015 0.0045 
0 0 0 
0 0 0 
0 0.0005 0.0005 
0 0 0.0005 
0 0.0005 0 
0 0 0 
0 0.0005 0 
0 0.0005 0.0005 
0 0.0005 0.0005 
0 0.0015 0.0015 
0 0.0055 0.001 
0 0.001 0.012 
0 0.0005 0.0105 
0 0 0.0005 
0 0 0.001 
0 0.0005 0.001 
0 0.0015 0.0005 
0 0.001 0.0075 
0 0 0 
0 0.001 0 
0 0 0.0025 
0 0.001 0.0005 
0 0 0 
0 0.0005 0.0005 
0 0.0025 0.0015 
0 0 0.001 
0 0.0005 0 
0 0 0.001 
0 0.002 0.0005 
0 0 0.0015 
0 0.001 0 
0 0.0005 0.0005 
0 0.0005 0.0005 
0 0 0.0005 
0 0.0005 0.001 
0 0.0005 0.0005 
0 0.001 0.002 
0 0.0005 0.008 
0 0 0.0005 
0 0.0005 0.007 
0 0.0015 0.0015 
0 0 0.0015 
0 0.001 0 
0 0 0.001 
0 0 0 
0 0.0005 0.0015 
0 0 0 
0 0.0005 0 
0 0 0.0005 
0 0.0005 0.007 
0 0.0005 0.0015 
0 0.001 0.001 
0 0.0025 0.002 
0 0.001 0.0005 
0 0 0 
0 0 0.001 
0 0.0005 0 
0 0 0.0005 
0 0 0.0005 
0 0.0015 0.0005 
0 0.0005 0.001 
0 0.0005 0.0005 
0 0.0005 0.0005 
0 0.0005 0.001 
0 0.0005 0.0005 
0 0 0 
0 0.0015 0.001 
0 0.0015 0.0355 
0 0.001 0.0035 
0 0.0005 0.0005 
0 0.0005 0.011 
0 0.0005 0 
0 0.0015 0.0035 
0 0.001 0.0005 
0 0.0005 0.0005 
0 0.0005 0 
0 0 0.0005 
0 0.0005 0 
0 0.0005 0.001 
0 0.001 0.0005 
0 0 0.0005 
0 0 0.0015 
0 0 0 
0 0 0.0125 
0 0.001 0 
0 0.0005 0.0055 
0 0.0005 0.0015 
0 0.0005 0 
0 0 0.0025 
0 0.0005 0.0005 
0 0.0005 0.001 
0 0 0.001 
0 0.0005 0.001 
0 0 0.0025 
0 0.0005 0 
0 0 0.0005 
0 0.0015 0.0015 
0 0.0005 0.0005 
0 0 0.0015 
0 0.001 0 
0 0.01 0.0025 
0 0.0005 0.0005 
0 0.0005 0.0005 
0 0.001 0.0005 
0 0 0 
0 0 0.001 
0 0 0.001 
0 0.0005 0 
0 0 0.0045 
0 0 0.002 
0 0.0005 0 
0 0.0005 0.0005 
0 0.0015 0 
0 0.002 0.001 
0 0 0 
0 0 0.008 
0 0 0.0005 
0 0.0005 0.0005 
0 0 0.0005 
0 0 0 
0 0.0005 0.002 
0 0.001 0.0005 
0 0.0095 0.0005 
0 0.0005 0.0005 
0 0.0035 0.003 
0 0.0005 0.0015 
0 0.0005 0 
0 0 0.001 
0 0 0.001 
0 0.0005 0.0005 
0 0.001 0 
0 0.0005 0.0005 
0 0.001 0.0005 
0 0 0.003 
0 0.0045 0 
0 0 0.0015 
0 0 0.001 
0 0.0005 0.0005 
0 0.0005 0.0005 
0 0.001 0.0005 
0 0.0005 0.0015 
0 0 0 
0 0.0005 0.0005 
0 0.0005 0 
0 0.001 0 
0 0.007 0.0005 
0 0 0.0005 
0 0.0015 0.0005 
0 0.001 0.001 
0 0.002 0.0025 
0 0.0005 0 
0 0 0 
0 0.0005 0.0015 
0 0.0005 0.001 
0 0 0.0005 
0 0.0005 0.0005 
0 0.0035 0.0005 
0 0.0005 0.002 
0 0.0005 0.001 
0 0.0005 0.0005 
0 0.001 0 
0 0.001 0.0005 
0 0.0025 0.0005 
0 0.001 0 
0 0.0005 0.0015 
0 0.24 0.0015 
0 0.0005 0.0005 
0 0.001 0.001 
0 0.0165 0.019 
0 0.0005 0.001 
0 0 0 
0 0 0.0025 
0 0 0 
0 0.0005 0 
0 0.001 0 
0 0.0005 0 
0 0.001 0.0095 
0 0.0005 0 
0 0 0.001 
0 0 0.001 
0 0.0005 0 
0 0.0005 0.003 
0 0.0015 0 
0 0.001 0 
0 0 0.002 
0 0 0.004 
0 0 0 
0 0 0.002 
0 0.0005 0 
0 0.0025 0.0005 
0 0 0.014 
0 0.0005 0.0005 
0 0 0.0005 
0 0.0005 0.001 
0 0 0.0005 
0 0 0.002 
0 0.0015 0.0005 
0 0 0.001 
0 0.001 0.002 
0 0.001 0.0005 
0 0.0005 0.001 
0 0 0.0005 
0 0.0015 0.0005 
0 0.001 0.0025 
0 0 0.0005 
0 0 0.001 
0 0 0.001 
0 0.001 0.0005 
0 0 0.0005 
0 0 0.001 
0 0 0.0065 
0 0 0.01 
0 0 0 
0 0 0.0005 
0 0.0025 0.0005 
0 0.0005 0.005 
0 0.001 0.0005 
0 0 0.001 
0 0 0.0085 
0 0.001 0.0025 
0 0.0005 0.0005 
0 0.0055 0.0075 
0 0.0005 0.013 
0 0 0.0005 
0 0.0005 0 
0 0 0.0025 
0 0.0005 0 
0 0.0035 0.0065 
0 0 0.0005 
0 0 0.001 
0 0.001 0 
0 0.001 0.001 
0 0.002 0.009 
0 0.0125 0.0005 
0 0 0 
0 0.0005 0.001 
0 0 0.008 
0 0 0.002 
0 0 0.001 
0 0.0115 0.001 
0 0 0.0015 
0 0.0005 0.003 
0 0 0.001 
0 0.0005 0.0005 
0 0.001 0.008 
0 0 0.001 
0 0.001 0 
0 0 0.001 
0 0.0005 0.001 
0 0.009 0 
0 0.001 0.006 
0 0.0325 0.0015 
0 0.003 0.001 
0 0 0 
0 0.0005 0.013 
0 0.0005 0.0005 
0 0.0005 0 
0 0.001 0.001 
0 0.001 0.0015 
0 0.001 0.0005 
0 0.0005 0.0005 
0 0.003 0.0005 
0 0 0.001 
0 0 0 
0 0.0035 0 
0 0.0045 0.001 
0 0.0015 0 
0 0 0 
0 0 0.0005 
0 0.001 0.002 
0 0 0.0005 
0 0.0005 0 
0 0 0 
0 0 0.0005 
0 0.0015 0.0005 
0 0.0025 0.0005 
0 0.0005 0 
0 0.002 0.0005 
0 0.0005 0.0005 
0 0.0005 0.001 
0 0.0015 0 
0 0 0.0045 
0 0 0 
0 0.0005 0.0065 
0 0.0005 0.0005 
0 0 0.0005 
0 0.0005 0 
0 0.001 0 
0 0.004 0.0005 
0 0.001 0.0005 
0 0.001 0.001 
0 0 0.001 
0 0.0005 0 
0 0.0005 0.0055 
0 0.001 0.0045 
0 0.001 0 
0 0.0015 0 
0 0.0005 0.001 
0 0.001 0.001 
0 0 0.0005 
0 0 0.0035 
0 0.0015 0.0005 
0 0.001 0.0005 
0 0.009 0 
0 0.0025 0.0015 
0 0.0005 0 
0 0.0005 0.0015 
0 0 0.0005 
0 0.0005 0.0005 
0 0.0005 0.0005 
0 0.0005 0 
0 0.001 0 
0 0.0005 0 
0 0.0005 0.001 
0 0.0015 0.0005 
0 0.001 0.0005 
0 0.0005 0 
0 0.0005 0 
0 0 0 
0 0 0.001 
0 0 0.002 
0 0 0 
0 0.0005 0 
0 0.0025 0 
0 0.0035 0.0025 
0 0.0005 0.001 
0 0 0.002 
0 0.001 0.002 
0 0.001 0 
0 0 0.001 
0 0.0005 0 
0 0.0025 0 
0 0.0005 0.0015 
0 0.0025 0.001 
0 0 0.0015 
0 0.0015 0 
0 0.001 0.001 
0 0.0025 0.002 
0 0.006 0.0005 
0 0.001 0.0005 
0 0 0.003 
0 0.0115 0 
0 0.001 0.001 
0 0.001 0.058 
0 0.001 0.003 
0 0.0005 0.0005 
0 0.004 0 
0 0.0035 0.001 
0 0.0035 0.0005 
0 0.001 0 
0 0.0005 0 
0 0.0005 0 
0 0.001 0 
0 0.001 0.0015 
0 0.001 0 
0 0 0.006 
0 0 0.001 
0 0.0135 0.002 
0 0.001 0 
0 0.0005 0.001 
0 0.0005 0 
0 0.001 0.0005 
0 0.0015 0.0015 
0 0 0 
0 0.004 0.0015 
0 0.0005 0.001 
0 0.0015 0.0005 
0 0.0015 0.0005 
0 0.0005 0.0045 
0 0 0.0005 
0 0.0015 0 
0 0 0.0015 
0 0.001 0 
0 0.001 0.0005 
0 0.001 0.003 
0 0.01 0 
0 0.001 0.0075 
0 0 0.0005 
0 0.0005 0.001 
0 0.0005 0 
0 0.003 0 
0 0.0005 0.0025 
0 0 0 
0 0.0005 0.001 
0 0.002 0.001 
0 0 0.001 
0 0 0.0065 
0 0 0.0035 
0 0.0005 0 
0 0.0005 0.0025 
0 0.0005 0.001 
0 0 0.002 
0 0.0025 0.0005 
0 0.0005 0 
0 0.0055 0 
0 0.002 0 
0 0 0.0005 
0 0 0.0015 
0 0.008 0.001 
0 0 0.002 
0 0 0.0015 
0 0 0 
0 0.0005 0.0035 
0 0.0005 0 
0 0 0.001 
0 0.0005 0.0005 
0 0.0005 0.011 
0 0.0015 0.0005 
0 0.0025 0.009 
0 0 0.001 
0 0 0 
0 0.0005 0.001 
0 0.0005 0 
0 0.001 0.0005 
0 0 0 
0 0 0 
0 0.1595 0 
0 0 0.001 
0 0 0.001 
0 0.0005 0 
0 0.0005 0.0005 
0 0 0.002 
0 0.001 0.0135 
0 0.0015 0 
0 0.005 0 
0 0.001 0.001 
0 0 0.005 
0 0 0.0005 
0 0 0.006 
0 0 0.0045 
0 0.002 0 
0 0.0015 0.0005 
0 0.001 0.001 
0 0.0005 0 
0 0.001 0.001 
0 0.195 0.0005 
0 0.002 0.0005 
0 0 0.0005 
0 0.001 0 
0 0.0005 0.0015 
0 0.0005 0.009 
0 0.009 0 
0 0.002 0.0005 
0 0.0035 0.0035 
0 0.0005 0.0015 
0 0.001 0.0025 
0 0.0065 0.0005 
0 0.004 0 
0 0.0005 0.0015 
0 0 0.0005 
0 0.002 0.0005 
0 0 0 
0 0.003 0 
0 0 0.001 
0 0.004 0.0005 
0 0.0005 0.0005 
0 0 0.0005 
0 0.0005 0.0125 
0 0.0005 0.0005 
0 0.0025 0.007 
0 0.0005 0 
0 0.0005 0.0005 
0 0.0005 0.0125 
0 0 0.0025 
0 0.0005 0 
0 0.0005 0.0005 
0 0.0035 0 
0 0.001 0 
0 0.0005 0.008 
0 0.0005 0 
0 0.0005 0.002 
0 0.001 0.001 
0 0 0.002 
0 0.0005 0.0005 
0 0 0 
0 0.0015 0 
0 0 0.002 
0 0.0015 0.0065 
0 0.001 0.0005 
0 0.0005 0.0015 
0 0 0.0005 
0 0.0005 0.0005 
0 0.001 0 
0 0.002 0 
0 0.0005 0 
0 0.0015 0.003 
0 0.001 0.0005 
0 0.0005 0.018 
0 0.001 0.0005 
0 0 0 
0 0.0005 0 
0 0.0025 0 
0 0 0.002 
0 0 0 
0 0.001 0 
0 0.001 0.001 
0 0.0005 0.001 
0 0.001 0.0005 
0 0 0.002 
0 0.0005 0 
0 0.001 0.0165 
0 0.0015 0.0085 
0 0.0005 0.001 
0 0.0025 0.001 
0 0.0025 0 
0 0.0005 0.0025 
0 0.0005 0 
0 0.001 0 
0 0 0.0005 
0 0.0005 0.001 
0 0.0025 0.001 
0 0.001 0 
0 0.0075 0.0015 
0 0.001 0.0005 
0 0 0 
0 0 0.001 
0 0.0005 0 
0 0.001 0.0005 
0 0.0005 0.0015 
0 0.002 0.0005 
0 0.001 0.0015 
0 0 0.0005 
0 0.0005 0 
0 0 0.004 
0 0.001 0.0035 
0 0.0015 0.001 
0 0.0005 0.0005 
0 0.0005 0.001 
0 0.0005 0.008 
0 0.0005 0.001 
0 0 0 
0 0.0015 0.002 
0 0.0005 0.001 
0 0.001 0.0015 
0 0.002 0.0005 
0 0.0005 0 
0 0.0005 0.0035 
0 0.001 0.0005 
0 0 0.0005 
0 0 0.0005 
0 0 0.001 
0 0.001 0.0005 
0 0.0005 0 
0 0 0.0005 
0 0.0005 0 
0 0.0005 0 
0 0.001 0.0005 
0 0.0005 0 
0 0 0.001 
0 0 0.0105 
0 0.001 0.0005 
0 0.001 0.0005 
0 0.003 0.0015 
0 0.0015 0 
0 0.0015 0.0025 
0 0.001 0 
0 0.001 0.0065 
0 0 0.0005 
0 0 0.0005 
0 0.0005 0.0025 
0 0.0005 0.005 
0 0.0005 0.0005 
0 0 0.0005 
0 0 0.0015 
0 0 0.0015 
0 0 0 
0 0.0125 0 
0 0.001 0.001 
0 0 0.0005 
0 0.0005 0 
0 0.0005 0.0015 
0 0 0.0005 
0 0 0.0005 
0 0.0015 0.0015 
0 0.001 0.001 
0 0.001 0.0005 
0 0 0.001 
0 0.0005 0 
0 0.0005 0.0045 
0 0.0015 0.001 
0 0.002 0.0005 
0 0 0.001 
0 0.0015 0 
0 0 0 
0 0.0045 0.0005 
0 0.0005 0.0005 
0 0.0005 0 
0 0.001 0.0005 
0 0 0.0005 
0 0 0.0015 
0 0 0.0005 
0 0 0 
0 0.0005 0 
0 0.0005 0.006 
0 0 0 
0 0.0005 0.001 
0 0 0.0005 
0 0.0005 0.004 
0 0 0.006 
0 0 0.001 
0 0.007 0.0035 
0 0.001 0 
0 0.0005 0 
0 0.001 0 
0 0.001 0 
0 0 0.0015 
0 0.0025 0 
0 0.001 0.006 
0 0.0005 0.0025 
0 0.0005 0.0065 
0 0.0015 0.003 
0 0.0005 0.0015 
0 0.0015 0.0005 
0 0.0005 0.0005 
0 0 0.0045 
0 0.0005 0.0005 
0 0 0.0005 
0 0 0.001 
0 0 0.001 
0 0.0005 0.0005 
0 0.0005 0.0005 
0 0.0005 0.001 
0 0.0005 0.001 
0 0.2285 0.0005 
0 0.001 0.001 
0 0 0.001 
0 0 0.0005 
0 0.001 0.0005 
0 0.0025 0 
0 0.0005 0 
0 0 0.003 
0 0.0005 0.001 
0 0.0005 0 
0 0.0005 0.001 
0 0.0005 0.0005 
0 0.001 0.001 
0 0 0.001 
0 0.0005 0.0005 
0 0.001 0.0045 
0 0 0.0005 
0 0 0.0005 
0 0.003 0.001 
0 0 0.001 
0 0.001 0.0035 
0 0.0345 0.0985 
0 0.0045 0.0035 
0 0.0005 0.001 
0 0 0.001 
0 0.0005 0.0005 
0 0.0005 0 
0 0 0.001 
0 0.001 0 
0 0.001 0.0055 
0 0.0005 0.0005 
0 0 0 
0 0 0.007 
0 0.0005 0 
0 0.0005 0.002 
0 0.0005 0.0005 
0 0.0055 0.0005 
0 0.0005 0.0005 
0 0.0005 0 
0 0 0 
0 0.0015 0 
0 0 0.0015 
0 0.001 0.0005 
0 0.0005 0.0005 
0 0.001 0.004 
0 0.0005 0.001 
0 0 0.0005 
0 0.037 0.0055 
0 0.001 0 
0 0.0015 0 
0 0.0005 0.001 
0 0.0005 0 
0 0 0.001 
0 0.0005 0 
0 0.001 0.0005 
0 0 0.0005 
0 0.0005 0.001 
0 0.0205 0 
0 0.001 0 
0 0 0 
0 0.0005 0 
0 0 0.003 
0 0 0.004 
0 0 0 
0 0 0 
0 0.001 0.0015 
0 0.001 0 
0 0 0.0015 
0 0 0.001 
0 0.0015 0.001 
0 0.001 0.001 
0 0.0025 0.008 
0 0.01 0.018 
0 0.0005 0.001 
0 0.0015 0 
0 0 0.003 
0 0 0.0005 
0 0.001 0.0065 
0 0.001 0.0005 
0 0.001 0.003 
0 0 0.0005 
0 0.0005 0.0025 
0 0.0025 0 
0 0.0005 0 
0 0 0.001 
0 0.017 0.002 
0 0.0005 0 
0 0.0005 0 
0 0.0035 0 
0 0.0005 0.0005 
0 0 0.004 
0 0 0 
0 0.001 0 
0 0 0.001 
0 0.0005 0 
0 0.0005 0.0005 
0 0.001 0.0005 
0 0.004 0 
0 0.001 0 
0 0.001 0 
0 0 0.0005 
0 0 0 
0 0.0015 0.001 
0 0.001 0.0005 
0 0.0005 0 
0 0.0005 0.001 
0 0.0005 0.0005 
0 0.0005 0 
0 0 0 
0 0.001 0 
0 0.0005 0.0055 
0 0.001 0 
0 0.0005 0 
0 0.0005 0.002 
0 0.0005 0.0005 
0 0.0005 0 
0 0.0005 0.0015 
0 0.0005 0.0005 
0 0.0005 0 
0 0.0005 0.0055 
0 0 0.002 
0 0 0.001 
0 0.002 0 
0 0.0025 0.0005 
0 0.0005 0.001 
0 0 0.0005 
0 0.001 0 
0 0.004 0 
0 0.001 0.0005 
0 0.0005 0.001 
0 0.001 0.0005 
0 0.0005 0.008 
0 0.003 0.0005 
0 0.0015 0 
0 0 0.001 
0 0.0005 0 
0 0 0.001 
0 0.001 0.0005 
0 0.0005 0 
0 0.0005 0 
0 0.0005 0.001 
0 0 0 
0 0.0075 0 
0 0.0015 0 
0 0.001 0.002 
0 0.001 0.0005 
0 0.0005 0 
0 0.001 0.004 
0 0 0 
0 0.0015 0.0015 
0 0.001 0.0005 
0 0 0.0005 
0 0.0005 0.002 
0 0.0005 0.001 
0 0 0.0005 
0 0 0.0005 
0 0.0005 0.0085 
0 0.0005 0.0005 
0 0.0015 0.001 
0 0 0.002 
0 0.001 0.001 
0 0.003 0.001 
0 0 0.001 
0 0 0 
0 0.0005 0.001 
0 0.0115 0 
0 0.0015 0.001 
0 0 0.004 
0 0.0005 0.0015 
0 0.0015 0 
0 0.001 0.0005 
0 0 0.0005 
0 0.0005 0 
0 0 0 
0 0.0005 0 
0 0.0005 0.007 
0 0.002 0.0005 
0 0.0005 0.001 
0 0.004 0.001 
0 0.0005 0.0015 
0 0 0 
0 0.0585 0.0235 
0 0.001 0 
0 0.0015 0.001 
0 0.0015 0.0005 
0 0.0005 0.003 
0 0.001 0.0015 
0 0 0.001 
0 0.002 0 
0 0.042 0.0005 
0 0.0005 0.001 
0 0.0015 0 
0 0.001 0.0005 
0 0 0 
0 0.003 0.0005 
0 0.011 0.001 
0 0.002 0.0015 
0 0.0005 0.0015 
0 0.0005 0.0005 
0 0.0005 0.0015 
0 0 0.001 
0 0.0005 0.0005 
0 0.0015 0.0025 
0 0.001 0.001 
0 0.001 0.0005 
0 0 0.001 
0 0.001 0.001 
0 0.0095 0 
0 0.001 0 
0 0.0015 0.002 
0 0 0.0005 
0 0.007 0.001 
0 0.002 0.0005 
0 0.0015 0.001 
0 0 0 
0 0.0005 0 
0 0 0.001 
0 0.0015 0 
0 0.0005 0 
0 0.001 0.0005 
0 0.0005 0.0005 
0 0 0.0155 
0 0.0005 0.0005 
0 0 0.0015 
0 0.033 0.0005 
0 0.0015 0 
0 0 0.001 
0 0.001 0.0005 
0 0.001 0.0005 
0 0.0005 0 
0 0.001 0.005 
0 0.0005 0.0005 
0 0.0005 0 
0 0 0 
0 0 0 
0 0.0015 0.001 
0 0.003 0.0015 
0 0.001 0 
0 0.001 0 
0 0.001 0.013 
0 0.0015 0.0015 
0 0.0005 0 
0 0.001 0.0005 
0 0.0015 0 
0 0.0005 0 
0 0 0 
0 0 0.0005 
0 0.0025 0.0005 
0 0.0035 0 
0 0.004 0.002 
0 0.0005 0.008 
0 0.0005 0.0005 
0 0 0.0005 
0 0.001 0.0005 
0 0.0005 0.0005 
0 0.0005 0.001 
0 0.0005 0.001 
0 0.002 0 
0 0.0015 0.0035 
0 0.0015 0.0015 
0 0 0.0005 
0 0.0015 0.001 
0 0.001 0.0005 
0 0.0005 0.0005 
0 0 0 
0 0.0005 0.001 
0 0.0005 0.0025 
0 0 0.0025 
0 0.001 0.001 
0 0.001 0 
0 0.0005 0.001 
0 0.001 0 
0 0.001 0.002 
0 0.001 0 
0 0.001 0.001 
0 0.001 0.001 
0 0.0005 0 
0 0.0005 0.0005 
0 0.001 0.003 
0 0.0005 0 
0 0.0045 0 
0 0 0 
0 0 0 
0 0.001 0 
0 0.0015 0 
0 0 0.0005 
0 0.0005 0.001 
0 0 0.0025 
0 0.001 0.0005 
0 0.0005 0 
0 0.001 0 
0 0 0 
0 0.0005 0.001 
0 0.0005 0.0015 
0 0.0005 0 
0 0.0015 0.001 
0 0 0.0005 
0 0 0 
0 0.001 0 
0 0 0.0005 
0 0 0.0005 
0 0.001 0.0005 
0 0.001 0.001 
0 0.0015 0.0005 
0 0.001 0.0005 
0 0.0015 0 
0 0.001 0.001 
0 0.0015 0 
0 0.0005 0.0005 
0 0.001 0.0005 
0 0.002 0 
0 0.0005 0 
0 0 0.001 
0 0.001 0.001 
0 0.0005 0 
0 0 0 
0 0.0005 0.0005 
0 0.001 0.0015 
0 0.0005 0.0015 
0 0 0.003 
0 0.0025 0.0015 
0 0.0015 0.0005 
0 0.003 0.005 
0 0 0 
0 0.0005 0 
0 0.002 0.0005 
0 0.0005 0.0035 
0 0.001 0.001 
0 0.0045 0.0005 
0 0.0005 0.0015 
0 0.0005 0.0025 
0 0.0005 0 
0 0 0 
0 0.001 0.001 
0 0.002 0.002 
0 0.004 0.003 
0 0 0 
0 0.0005 0.0085 
0 0 0.0005 
0 0.0005 0 
0 0 0.0005 
0 0.002 0 
0 0 0.006 
0 0 0.001 
0 0 0.0025 
0 0 0.0005 
0 0.0055 0.001 
0 0 0.001 
0 0.001 0.0005 
0 0.0005 0.0025 
0 0.001 0 
0 0 0.001 
0 0.0015 0 
0 0.0005 0 
0 0 0.0005 
0 0.0005 0 
0 0.0005 0.001 
0 0 0.004 
0 0.0005 0.001 
0 0 0.003 
0 0 0.001 
0 0.0385 0.001 
0 0.003 0.0015 
0 0.0005 0.0015 
0 0 0.0005 
0 0.0005 0.001 
0 0.0015 0.002 
0 0.002 0 
0 0 0.001 
0 0.001 0.0035 
0 0 0 
0 0.0015 0 
0 0.0155 0.001 
0 0.001 0.001 
0 0 0.0035 
0 0.0005 0 
0 0.0025 0.0015 
0 0.0035 0 
0 0.0005 0.0005 
0 0.0005 0.0005 
0 0.0005 0 
0 0.229 0.009 
0 0 0.01 
0 0.01 0.002 
0 0.004 0.0005 
0 0.0005 0.005 
0 0 0.002 
0 0.0005 0 
0 0.0005 0.001 
0 0.001 0 
0 0.0205 0.0005 
0 0.001 0.001 
0 0.0005 0.002 
0 0.0005 0.001 
0 0.001 0.0005 
0 0.0005 0.002 
0 0.0005 0 
0 0.0015 0.002 
0 0.0015 0.0005 
0 0.0005 0.001 
0 0.001 0 
0 0.0005 0.0005 
0 0.004 0.0005 
0 0.0005 0.0005 
0 0.0005 0.0005 
0 0.0005 0 
0 0.0005 0.0045 
0 0 0 
0 0 0.001 
0 0 0.0005 
0 0 0.002 
0 0.0005 0.0005 
0 0 0.0075 
0 0.0015 0.0005 
0 0.0005 0.001 
0 0.0035 0 
0 0.0005 0.0005 
0 0 0.0005 
0 0.0005 0.0055 
0 0.001 0.002 
0 0.0005 0.0035 
0 0 0.0065 
0 0.001 0 
0 0.007 0 
0 0.0005 0 
0 0.001 0 
0 0.004 0.0025 
0 0.001 0.004 
0 0.01 0.0005 
0 0.1215 0 
0 0.005 0.003 
0 0.001 0 
0 0.0015 0 
0 0.001 0.0005 
0 0.0005 0.0005 
0 0.0015 0 
0 0.0005 0.0015 
0 0 0.007 
0 0 0.001 
0 0.002 0 
0 0 0.0005 
0 0.0015 0.0015 
0 0.001 0 
0 0.0005 0.001 
0 0.0005 0 
0 0.0025 0.001 
0 0 0.003 
0 0.0005 0.0025 
0 0 0 
0 0.0015 0.01 
0 0.002 0.001 
0 0.0005 0.0005 
0 0.0005 0.0005 
0 0.0095 0 
0 0 0.0005 
0 0.0005 0.0005 
0 0.0005 0.0005 
0 0.0015 0.0015 
0 0.0005 0.001 
0 0.0005 0.003 
0 0.0015 0.001 
0 0.001 0.0005 
0 0.001 0 
0 0.001 0 
0 0.002 0.0115 
0 0 0 
0 0.001 0.002 
0 0.0015 0 
0 0.0005 0.001 
0 0 0.0015 
0 0.0005 0.0015 
0 0.001 0.001 
0 0.001 0.0015 
0 0.002 0 
0 0 0.0005 
0 0.0005 0.0005 
0 0.0005 0.0005 
0 0.001 0 
0 0.0005 0.0005 
0 0.0005 0.001 
0 0.0005 0.0005 
0 0 0 
0 0.0005 0.0005 
0 0.001 0.0005 
0 0.0025 0 
0 0 0.0005 
0 0.001 0.0015 
0 0.0035 0.075 
0 0 0.0005 
0 0.001 0.001 
0 0.0005 0.002 
0 0.0005 0.001 
0 0 0.001 
0 0.0005 0.0005 
0 0.001 0.0005 
0 0.0005 0 
0 0.001 0.0005 
0 0.002 0.009 
0 0.002 0.0035 
0 0.0005 0.001 
0 0.0005 0.0005 
0 0.0005 0.0015 
0 0.001 0.003 
0 0.0005 0.0015 
0 0 0.001 
0 0 0.0005 
0 0 0 
0 0.0005 0.0075 
0 0.008 0.007 
0 0 0.0005 
0 0.0005 0.001 
0 0.001 0 
0 0 0.0015 
0 0.013 0.001 
0 0.0005 0 
0 0 0.002 
0 0 0.0005 
0 0.005 0.002 
0 0 0.0005 
0 0 0 
0 0.0005 0.0015 
0 0 0.0005 
0 0 0.0005 
0 0.0005 0 
0 0.0005 0.001 
0 0.001 0 
0 0 0.001 
0 0 0.001 
0 0 0.0005 
0 0.0005 0.0055 
0 0.001 0.0005 
0 0.0005 0 
0 0.0005 0 
0 0.0005 0 
0 0.0015 0 
0 0.0005 0 
0 0.0005 0 
0 0.0035 0 
0 0.001 0.0145 
0 0.001 0 
0 0 0 
0 0.0005 0.017 
0 0.055 0.0005 
0 0 0 
0 0.002 0.002 
0 0 0.004 
0 0.0025 0.015 
0 0.0005 0 
0 0 0.0005 
0 0.005 0.0005 
0 0.001 0.0025 
0 0.001 0 
0 0.001 0 
0 0 0.001 
0 0.0005 0.002 
0 0.001 0.003 
0 0.0005 0 
0 0.0005 0.0015 
0 0 0 
0 0.0005 0.0005 
0 0 0.0005 
0 0.0005 0 
0 0 0.001 
0 0.0015 0.0035 
0 0.0005 0.001 
0 0 0 
0 0.0005 0.001 
0 0 0 
0 0.001 0.001 
0 0.005 0 
0 0 0 
0 0 0.0145 
0 0 0.002 
0 0.0005 0.001 
0 0.0005 0.001 
0 0.0025 0.0005 
0 0.0005 0.0005 
0 0.001 0.0005 
0 0.0005 0.0005 
0 0 0.0005 
0 0.0035 0.001 
0 0.001 0.016 
0 0.0025 0.001 
0 0 0.0005 
0 0 0 
0 0.003 0 
0 0.001 0 
0 0 0.0005 
0 0.001 0.004 
0 0.0005 0 
0 0.0035 0.002 
0 0 0.003 
0 0.001 0 
0 0 0 
0 0.001 0 
0 0 0.0545 
0 0.0005 0.0005 
0 0 0.0015 
0 0 0.0005 
0 0.0005 0.0005 
0 0.0005 0.0025 
0 0.001 0.0015 
0 0.0005 0.001 
0 0.0005 0.001 
0 0 0 
0 0.0005 0.0005 
0 0.002 0.0005 
0 0.0005 0.0005 
0 0 0.001 
0 0.001 0.001 
0 0.002 0.0055 
0 0.001 0 
0 0.0005 0.001 
0 0.0105 0.002 
0 0 0.0005 
0 0 0 
0 0.0005 0.0005 
0 0 0 
0 0.0005 0.0005 
0 0.001 0.0005 
0 0.0005 0.011 
0 0.0055 0.0005 
0 0.034 0.0015 
0 0 0.0005 
0 0 0.0015 
0 0.001 0.001 
0 0.0015 0 
0 0 0.0035 
0 0 0.0005 
0 0.0005 0.0005 
0 0.001 0.001 
0 0 0.0025 
0 0.004 0.0005 
0 0.001 0.0005 
0 0.007 0.0015 
0 0.0005 0 
0 0.0025 0.0005 
0 0.0005 0 
0 0 0.0005 
0 0 0.0005 
0 0 0.0015 
0 0.001 0.0005 
0 0 0.015 
0 0.0005 0.0025 
0 0.005 0 
0 0.0005 0.0005 
0 0.002 0 
0 0.0005 0.0015 
0 0 0.0025 
0 0.001 0.015 
0 0.0005 0.0075 
0 0.0025 0 
0 0.001 0.001 
0 0.0005 0.0005 
0 0.001 0 
0 0.0005 0.0005 
0 0.0005 0.0005 
0 0.0005 0.0015 
0 0.005 0 
0 0 0.001 
0 0.0005 0.0005 
0 0.0005 0.0005 
0 0.0005 0.0015 
0 0.0005 0 
0 0.001 0.0005 
0 0.002 0.0005 
0 0.0005 0.003 
0 0.001 0.001 
0 0 0.0015 
0 0 0 
0 0.0185 0.004 
0 0 0 
0 0.0125 0.0005 
0 0.0005 0 
0 0 0.002 
0 0.0005 0.0005 
0 0.001 0.001 
0 0.006 0.0005 
0 0.002 0 
0 0.001 0.0005 
0 0.001 0.001 
0 0.0005 0.0005 
0 0.0005 0.0005 
0 0.001 0.001 
0 0.0005 0.002 
0 0 0 
0 0.001 0 
0 0.0005 0.001 
0 0.002 0.0025 
0 0.0225 0 
0 0 0.0015 
0 0 0.0025 
0 0.0005 0.0005 
0 0.0005 0 
0 0.0015 0.0055 
0 0.0005 0 
0 0.001 0 
0 0.0015 0.0005 
0 0 0 
0 0.0005 0.0005 
0 0 0 
0 0.0005 0 
0 0.0005 0.001 
0 0.007 0.001 
0 0 0 
0 0.001 0.002 
0 0 0 
0 0.015 0 
0 0 0 
0 0.001 0 
0 0.001 0.0015 
0 0.0005 0.001 
0 0.001 0.0005 
0 0 0.0005 
0 0 0 
0 0.001 0.0025 
0 0.007 0 
0 0.001 0.001 
0 0.0005 0 
0 0.002 0.0025 
0 0.0005 0.0005 
0 0 0.0015 
0 0.0015 0.002 
0 0.0005 0 
0 0.009 0 
0 0 0.0005 
0 0.001 0.001 
0 0.001 0.002 
0 0.002 0.03 
0 0.001 0 
0 0.0015 0.001 
0 0 0.003 
0 0 0.0005 
0 0 0 
0 0.0255 0 
0 0.001 0.002 
0 0.0255 0.0005 
0 0.001 0.0075 
0 0.0005 0.001 
0 0 0.001 
0 0.0005 0.0005 
0 0.001 0.0005 
0 0.0005 0.0015 
0 0 0.0005 
0 0 0 
0 0.0015 0.001 
0 0 0.0005 
0 0 0.1455 
0 0.001 0.002 
0 0.001 0.0005 
0 0.0005 0.0005 
0 0.043 0.001 
0 0 0 
0 0.001 0.004 
0 0 0.001 
0 0.001 0.0005 
0 0.0005 0.002 
0 0 0.001 
0 0.0005 0.0005 
0 0.0065 0.002 
0 0.0005 0 
0 0.009 0.0005 
0 0.001 0.0015 
0 0.0085 0.0005 
0 0.001 0 
0 0.002 0.001 
0 0.0015 0 
0 0 0 
0 0.0015 0.0005 
0 0.0005 0.0015 
0 0 0 
0 0 0 
0 0.0005 0 
0 0.0085 0 
0 0.0005 0.0015 
0 0.001 0.005 
0 0.0015 0 
0 0.0005 0.0005 
0 0.0015 0.003 
0 0.0005 0 
0 0 0.0005 
0 0.0035 0.003 
0 0.0005 0 
0 0 0 
0 0.0015 0 
0 0 0.0005 
0 0.001 0.001 
0 0 0.0005 
0 0.0005 0.005 
0 0.0005 0.001 
0 0.0005 0 
0 0.001 0.0035 
0 0.0015 0.002 
0 0.0005 0.0005 
0 0 0.002 
0 0 0.001 
0 0.0005 0 
0 0.0005 0.0025 
0 0.003 0.0005 
0 0.0005 0.0005 
0 0 0 
0 0.0015 0.0005 
0 0.0005 0.001 
0 0.0005 0.0005 
0 0.001 0 
0 0.0005 0.0005 
0 0.0005 0 
0 0.013 0.0005 
0 0.001 0.001 
0 0 0.0005 
0 0.0005 0.0005 
0 0 0.0075 
0 0 0.0035 
0 0 0.01 
0 0.0015 0.0035 
0 0 0.0005 
0 0.0005 0.0015 
0 0.001 0 
0 0 0.001 
0 0.0005 0 
0 0.0005 0.013 
0 0.001 0.009 
0 0.001 0 
0 0.0005 0.0005 
0 0.0005 0.0015 
0 0.014 0.009 
0 0 0.0045 
0 0.001 0.002 
0 0.0005 0.0025 
0 0.0005 0.0005 
0 0.0005 0.0005 
0 0 0.0005 
0 0.0015 0 
0 0.0005 0.004 
0 0.001 0 
0 0.0005 0 
0 0.001 0.0045 
0 0.002 0 
0 0.0005 0 
0 0 0.001 
0 0.001 0.0005 
0 0.002 0 
0 0.001 0.001 
0 0.0005 0.0005 
0 0.006 0 
0 0.001 0 
0 0.0035 0.001 
0 0.0015 0 
0 0.0005 0.0005 
0 0.002 0 
0 0 0 
0 0.0005 0.001 
0 0.0055 0 
0 0 0.001 
0 0.0005 0.0005 
0 0.005 0.0005 
0 0.0005 0.0015 
0 0 0 
0 0.0015 0.0005 
0 0.0005 0.002 
0 0.001 0 
0 0 0.0025 
0 0 0.0015 
0 0.001 0.002 
0 0.0005 0.0005 
0 0.0005 0.0005 
0 0.0005 0 
0 0.0015 0.0015 
0 0.001 0.0005 
0 0.002 0.001 
0 0 0 
0 0 0 
0 0.0025 0.0005 
0 0.0005 0 
0 0 0.001 
0 0.0025 0 
0 0.001 0.004 
0 0.002 0.003 
0 0 0 
0 0 0.0005 
0 0.0015 0.001 
0 0.01 0.0005 
0 0.001 0.001 
0 0 0.0085 
0 0.0005 0 
0 0.1805 0.0005 
0 0.0005 0.002 
0 0 0.0005 
0 0 0 
0 0.001 0 
0 0.0005 0 
0 0.0005 0.003 
0 0 0.002 
0 0.0035 0.0005 
0 0.0005 0.0005 
0 0.0005 0.0095 
0 0.0845 0.0025 
0 0.0005 0 
0 0 0.0045 
0 0.001 0 
0 0.002 0.0005 
0 0 0.0005 
0 0 0.001 
0 0 0.0005 
0 0 0.0005 
0 0 0.001 
0 0.0005 0.001 
0 0.0015 0.004 
0 0.001 0.0005 
0 0.003 0.001 
0 0.0005 0.016 
0 0.001 0 
0 0.0005 0 
0 0.0005 0 
0 0.003 0.0015 
0 0.0005 0.005 
0 0.0015 0.085 
0 0 0.0045 
0 0.002 0.001 
0 0.0005 0.0005 
0 0.001 0.0005 
0 0.001 0.001 
0 0 0.003 
0 0.0005 0.007 
0 0.001 0.0055 
0 0.001 0 
0 0 0.0015 
0 0.0035 0.031 
0 0 0.0005 
0 0 0.005 
0 0 0.001 
0 0.0015 0.0005 
0 0 0.001 
0 0.003 0.0025 
0 0.001 0.001 
0 0 0.0005 
0 0.001 0.0005 
0 0.0015 0 
0 0.001 0.0005 
0 0.001 0 
0 0 0.0005 
0 0 0.001 
0 0.0005 0.0005 
0 0.0005 0.0045 
0 0.001 0.0005 
0 0 0 
0 0 0 
0 0.001 0 
0 0 0.0005 
0 0.001 0.002 
0 0.0005 0.051 
0 0 0.002 
0 0 0.003 
0 0.0005 0 
0 0.001 0.003 
0 0.0005 0 
0 0 0.008 
0 0.031 0.0015 
0 0.0015 0 
0 0 0.0005 
0 0 0.0005 
0 0.0005 0.0015 
0 0.001 0.002 
0 0.001 0.001 
0 0.001 0 
0 0.0005 0.0015 
0 0 0.001 
0 0.0005 0.0015 
0 0.001 0 
0 0.0005 0.001 
0 0.004 0 
0 0.0005 0.0005 
0 0.001 0.0085 
0 0.0005 0.0005 
0 0 0.001 
0 0 0.0005 
0 0.034 0 
0 0.002 0 
0 0.0005 0.002 
0 0.0025 0 
0 0 0 
0 0.002 0.0055 
0 0.008 0.01 
0 0.001 0.001 
0 0.0005 0.0005 
0 0.0005 0.0005 
0 0.001 0 
0 0.0005 0.001 
0 0.002 0.002 
0 0.001 0.0025 
0 0.0015 0.0005 
0 0 0.0005 
0 0.004 0.0005 
0 0.0005 0.0005 
0 0.0005 0.001 
0 0 0.0005 
0 0.001 0.001 
0 0.0015 0.0015 
0 0.0065 0 
0 0 0 
0 0 0.001 
0 0 0.001 
0 0 0.0005 
0 0.0005 0.0005 
0 0.002 0.001 
0 0 0.001 
0 0.0005 0.001 
0 0.0015 0.0045 
0 0 0 
0 0.0015 0.0035 
0 0 0.002 
0 0.0165 0.0005 
0 0.0005 0.0005 
0 0.0005 0.0035 
0 0.001 0.001 
0 0 0.0105 
0 0 0.0005 
0 0 0.0005 
0 0.001 0.001 
0 0.0005 0.0215 
0 0 0 
0 0.0005 0.0085 
0 0.005 0.002 
0 0.0005 0.003 
0 0.002 0.0015 
0 0.0005 0.003 
0 0 0.0005 
0 0.0015 0.001 
0 0 0.004 
0 0 0.0005 
0 0.0025 0.015 
0 0.0005 0 
0 0.001 0.001 
0 0 0.0005 
0 0.0005 0.0005 
0 0 0.0005 
0 0 0.0005 
0 0.0035 0 
0 0.0005 0.0005 
0 0 0.002 
0 0.001 0.002 
0 0.001 0.007 
0 0.0025 0 
0 0 0.0005 
0 0.0005 0 
0 0.0035 0.0005 
0 0 0 
0 0.001 0 
0 0.002 0 
0 0.001 0.0005 
0 0.006 0 
0 0 0 
0 0 0 
0 0 0.0005 
0 0 0.0005 
0 0.001 0 
0 0.0005 0.001 
0 0.0015 0.0005 
0 0.0005 0.0045 
0 0.002 0.001 
0 0.0005 0.0095 
0 0 0 
0 0 0 
0 0.0005 0.0005 
0 0 0.001 
0 0.0005 0.002 
0 0 0.001 
0 0.004 0 
0 0.0095 0 
0 0.0035 0.065 
0 0.0015 0 
0 0 0 
0 0.032 0.001 
0 0.0005 0.0015 
0 0.0005 0.0005 
0 0.001 0 
0 0.0015 0.0025 
0 0.0005 0.0005 
0 0.0005 0.001 
0 0.003 0.0005 
0 0.0005 0.0005 
0 0.005 0.0015 
0 0 0.0035 
0 0 0.002 
0 0 0 
0 0.003 0.001 
0 0 0.0005 
0 0.014 0 
0 0 0.008 
0 0.001 0.007 
0 0 0.0045 
0 0.0005 0 
0 0.005 0 
0 0.0005 0.001 
0 0.0005 0.0005 
0 0.0045 0.0275 
0 0.001 0.001 
0 0.0045 0.0225 
0 0.0015 0.0045 
0 0 0 
0 0.0005 0 
0 0 0.0005 
0 0.0015 0.0005 
0 0.004 0.0005 
0 0.0015 0.0005 
0 0.0015 0.001 
0 0.0015 0 
0 0 0.0005 
0 0.0005 0.001 
0 0.015 0.0005 
0 0.001 0.001 
0 0.013 0 
0 0 0.002 
0 0 0.004 
0 0.0045 0.001 
0 0.0005 0.0005 
0 0.0005 0.0005 
0 0.002 0.0005 
0 0.0005 0.0035 
0 0.002 0.029 
0 0.0155 0.0005 
0 0 0.0065 
0 0.0035 0.0005 
0 0 0 
0 0.0005 0.0015 
0 0.006 0 
0 0 0.008 
0 0.0045 0.002 
0 0 0.0105 
0 0 0 
0 0.0025 0.0005 
0 0.001 0.0055 
0 0.0005 0 
0 0.001 0 
0 0.001 0 
0 0 0.001 
0 0 0.004 
0 0.0005 0.0025 
0 0.01 0.0025 
0 0.004 0.002 
0 0 0.0005 
0 0 0 
0 0.001 0 
0 0 0.0035 
0 0.0015 0.001 
0 0 0.0005 
0 0 0 
0 0 0 
0 0.001 0.0005 
0 0 0.0005 
0 0.005 0.0105 
0 0 0 
0 0.0005 0.003 
0 0.0005 0.001 
0 0 0 
0 0.001 0 
0 0.01 0 
0 0.001 0 
0 0.0005 0.0005 
0 0.0015 0.0005 
0 0.016 0 
0 0 0.0035 
0 0.0005 0.0005 
0 0.0135 0 
0 0.0015 0.0005 
0 0 0.0005 
0 0.001 0 
0 0 0.0005 
0 0.001 0.0005 
0 0.0005 0 
0 0.001 0.0005 
0 0 0.0005 
0 0.0005 0 
0 0.0025 0.001 
0 0.0035 0.001 
0 0.001 0 
0 0.001 0.002 
0 0.0005 0.0005 
0 0 0.0005 
0 0.003 0.0005 
0 0.0005 0 
0 0.0005 0.001 
0 0 0 
0 0.0015 0.0005 
0 0.038 0.001 
0 0.002 0.0005 
0 0.001 0.0015 
0 0.002 0.0005 
0 0.005 0.001 
0 0.0015 0.0005 
0 0.001 0 
0 0.0005 0.006 
0 0.003 0.001 
0 0.001 0.0005 
0 0.0005 0.0025 
0 0.0005 0 
0 0.0005 0.0035 
0 0.0025 0.0005 
0 0.0005 0.021 
0 0.0015 0 
0 0.0005 0 
0 0.0005 0.001 
0 0.0015 0.0005 
0 0.001 0.0005 
0 0.0015 0.0005 
0 0.0005 0.003 
0 0 0 
0 0 0.0015 
0 0.0005 0.0005 
0 0.0015 0 
0 0.001 0.0005 
0 0.0005 0.0005 
0 0 0.0005 
0 0.008 0.0005 
0 0.002 0.013 
0 0.0365 0.002 
0 0.0005 0.006 
0 0.001 0 
0 0 0 
0 0.0005 0.0025 
0 0.001 0.0005 
0 0.001 0.0005 
0 0.0135 0.0005 
0 0.0075 0.001 
0 0 0.003 
0 0 0.001 
0 0.0005 0.0105 
0 0.009 0.0005 
0 0.001 0 
0 0 0 
0 0 0.0015 
0 0.0015 0.0005 
0 0.001 0 
0 0.0155 0.001 
0 0.0005 0 
0 0.002 0 
0 0.001 0.001 
0 0.0005 0.0005 
0 0.001 0.003 
0 0.002 0.0005 
0 0.001 0.0005 
0 0.0015 0.006 
0 0.002 0 
0 0.0005 0.0015 
0 0 0 
0 0.0015 0.002 
0 0.0005 0 
0 0 0 
0 0.001 0.0005 
0 0 0.005 
0 0.0025 0 
0 0 0.001 
0 0 0.001 
0 0 0 
0 0 0.0005 
0 0.0015 0 
0 0.0045 0 
0 0.0005 0.002 
0 0.0005 0.0015 
0 0.0095 0.0015 
0 0.0005 0 
0 0.0015 0.0005 
0 0.0015 0.001 
0 0 0.001 
0 0.0015 0 
0 0.001 0.001 
0 0.001 0.001 
0 0.007 0.001 
0 0.003 0 
0 0.0005 0.0005 
0 0 0.0005 
0 0.0005 0.0005 
0 0.001 0.003 
0 0 0.001 
0 0.0035 0 
0 0.001 0 
0 0.0055 0 
0 0 0 
0 0 0.0005 
0 0.0195 0 
0 0.0005 0.003 
0 0.0005 0 
0 0.009 0 
0 0.0015 0.0005 
0 0 0 
0 0.0025 0.0005 
0 0.001 0.0005 
0 0.0005 0.0005 
0 0.0035 0.001 
0 0.003 0.0005 
0 0.001 0.001 
0 0.001 0.001 
0 0.0005 0.002 
0 0.0005 0.0005 
0 0.0005 0.002 
0 0.001 0.0005 
0 0 0 
0 0.0085 0.0005 
0 0.0005 0.0005 
0 0 0 
0 0.0005 0.016 
0 0.001 0.008 
0 0.0015 0 
0 0.0015 0 
0 0.0025 0 
0 0 0 
0 0.0005 0.0025 
0 0.0005 0.001 
0 0.002 0.0025 
0 0 0.0015 
0 0.0015 0.003 
0 0.001 0 
0 0 0.007 
0 0.0025 0.002 
0 0.001 0.0015 
0 0.001 0 
0 0.0015 0.0015 
0 0.001 0.0005 
0 0.001 0.0005 
0 0.0005 0.001 
0 0.001 0.0015 
0 0.001 0 
0 0.0005 0.0095 
0 0.0005 0 
0 0.001 0.0015 
0 0.001 0 
0 0 0.0015 
0 0.001 0.002 
0 0.001 0.001 
0 0.001 0.0025 
0 0.0015 0.0005 
0 0.0015 0.0005 
0 0.0005 0 
0 0.0015 0.0015 
0 0 0.0005 
0 0.002 0.0005 
0 0 0 
0 0 0 
0 0.0005 0.0005 
0 0.0005 0.001 
0 0.0005 0.001 
0 0.0005 0.002 
0 0.0005 0.005 
0 0.0005 0.0005 
0 0.0005 0.0005 
0 0 0.001 
0 0.0145 0.048 
0 0.0005 0.0005 
0 0.0005 0 
0 0.001 0 
0 0 0.005 
0 0.002 0 
0 0 0.0005 
0 0.0005 0 
0 0 0 
0 0.0005 0.0005 
0 0 0 
0 0 0 
0 0.0005 0.001 
0 0.0065 0.0025 
0 0.001 0 
0 0 0 
0 0 0.001 
0 0 0 
0 0.0035 0.001 
0 0.0005 0.0005 
0 0 0.22 
0 0.0035 0 
0 0.0005 0.001 
0 0.001 0.001 
0 0.001 0 
0 0.008 0 
0 0 0.001 
0 0.007 0 
0 0.0005 0.0015 
0 0.0005 0.0005 
0 0.004 0.0025 
0 0.004 0 
0 0 0 
0 0 0.0005 
0 0.0005 0.0015 
0 0 0 
0 0.001 0.0015 
0 0 0.0005 
0 0.0005 0.0005 
0 0.0005 0 
0 0.007 0.0005 
0 0.0005 0.0055 
0 0.0005 0.0105 
0 0.0015 0.0015 
0 0 0.003 
0 0.001 0 
0 0.0005 0.0145 
0 0.008 0.0015 
0 0.0005 0.0045 
0 0.0005 0.001 
0 0.0005 0 
0 0.0005 0.001 
0 0.002 0.0595 
0 0.009 0.0015 
0 0.002 0 
0 0.0005 0 
0 0.001 0.0005 
0 0.001 0.0015 
0 0.001 0.0005 
0 0 0.001 
0 0 0.0055 
0 0.002 0 
0 0 0.0005 
0 0.001 0.0005 
0 0.5975 0.0005 
0 0.005 0.0005 
0 0.001 0.003 
0 0.0055 0.0005 
0 0 0.0005 
0 0 0.016 
0 0.001 0.0005 
0 0.0055 0.0005 
0 0 0.002 
0 0 0 
0 0.0015 0.0015 
0 0 0.0005 
0 0.0005 0.0005 
0 0.001 0.001 
0 0.0015 0.001 
0 0.0005 0 
0 0.016 0 
0 0.0005 0.0005 
0 0.0015 0.0045 
0 0 0.001 
0 0 0.002 
0 0 0.001 
0 0.0005 0 
0 0.0005 0.0005 
0 0.0005 0.0005 
0 0.0015 0.0075 
0 0.0005 0.0045 
0 0.0025 0 
0 0.0085 0 
0 0.004 0.0005 
0 0.0005 0.005 
0 0.0005 0.0005 
0 0.0025 0.007 
0 0.001 0 
0 0.003 0 
0 0.0005 0.0015 
0 0 0.0005 
0 0.0005 0 
0 0 0.001 
0 0.0005 0.0145 
0 0.001 0.0175 
0 0.0005 0 
0 0 0 
0 0.001 0.001 
0 0.0055 0.0005 
0 0.0005 0.0005 
0 0.001 0.0005 
0 0.0005 0.0005 
0 0 0 
0 0.0005 0.0045 
0 0.002 0.0015 
0 0 0 
0 0.023 0.0005 
0 0.0015 0.001 
0 0.002 0 
0 0 0.002 
0 0 0.0005 
0 0.001 0.0005 
0 0 0.0035 
0 0 0.0005 
0 0.0005 0.0005 
0 0 0.002 
0 0 0.0045 
0 0.0005 0 
0 0 0 
0 0.0005 0.0005 
0 0.0005 0.0005 
0 0.002 0 
0 0.0015 0.0005 
0 0.0015 0.0235 
0 0 0.001 
0 0.001 0 
0 0.0055 0 
0 0.002 0 
0 0.007 0.004 
0 0.0005 0.001 
0 0 0 
0 0.0005 0.0005 
0 0.001 0.0015 
0 0 0 
0 0.001 0 
0 0.001 0.0005 
0 0.0015 0.0005 
0 0.0035 0 
0 0 0.0035 
0 0.0065 0 
0 0 0 
0 0.0005 0.0005 
0 0.0005 0.0025 
0 0.0005 0.001 
0 0.0005 0.0025 
0 0.0055 0 
0 0.0005 0 
0 0.0005 0.0005 
0 0 0.001 
0 0 0 
0 0.0005 0.0235 
0 0.001 0.0005 
0 0.001 0.0005 
0 0.02 0 
0 0.001 0.001 
0 0.0015 0.0825 
0 0.0015 0.003 
0 0.001 0 
0 0.0015 0 
0 0.004 0 
0 0.0005 0.016 
0 0.0005 0.0005 
0 0 0.0005 
0 0.002 0 
0 0 0 
0 0 0.012 
0 0.001 0.001 
0 0 0 
0 0.001 0.001 
0 0 0 
0 0.0005 0 
0 0.001 0.0005 
0 0.001 0 
0 0.002 0 
0 0.006 0.0005 
0 0.0005 0.001 
0 0.0025 0.0005 
0 0 0.0015 
0 0.0015 0.0025 
0 0 0.0095 
0 0.0005 0.0005 
0 0 0 
0 0.002 0 
0 0.001 0.0015 
0 0 0.0005 
0 0.0005 0.0025 
0 0.002 0.0015 
0 0 0.0005 
0 0.0005 0 
0 0.0005 0 
0 0.004 0.002 
0 0.0015 0.0035 
0 0.0005 0.007 
0 0.032 0 
0 0.0025 0.004 
0 0.0005 0 
0 0.001 0.0005 
0 0.001 0.0005 
0 0.001 0 
0 0.001 0.008 
0 0.0005 0.001 
0 0.0015 0 
0 0.029 0.001 
0 0.0005 0.0005 
0 0 0.0005 
0 0.002 0.0025 
0 0.003 0 
0 0.012 0.0025 
0 0.0005 0 
0 0.001 0 
0 0 0.0205 
0 0 0.004 
0 0 0 
0 0 0 
0 0.0005 0 
0 0 0.0005 
0 0.002 0 
0 0.025 0.0005 
0 0.0015 0.001 
0 0.0005 0.0015 
0 0.0025 0.001 
0 0.0005 0.0005 
0 0.001 0.0005 
0 0.0005 0.002 
0 0 0.0015 
0 0.0005 0 
0 0.001 0.0005 
0 0 0.0005 
0 0 0.0005 
0 0.5705 0 
0 0 0.001 
0 0 0 
0 0 0.001 
0 0.0005 0.0005 
0 0 0.0005 
0 0.001 0.0005 
0 0.0015 0.0185 
0 0 0.0005 
0 0.003 0.0045 
0 0.0005 0.0005 
0 0 0.001 
0 0.0005 0 
0 0.001 0.002 
0 0.0005 0 
0 0.0015 0.001 
0 0.0015 0.0125 
0 0 0 
0 0 0 
0 0 0.0005 
0 0.001 0.0005 
0 0.002 0.001 
0 0.0025 0.0005 
0 0.0005 0.002 
0 0.1125 0.0005 
0 0 0.0045 
0 0.0145 0 
0 0.0005 0 
0 0 0.004 
0 0.0005 0 
0 0 0.0005 
0 0 0.0005 
0 0 0.001 
0 0 0.001 
0 0 0.0005 
0 0.002 0.023 
0 0 0.002 
0 0.001 0.005 
0 0.064 0.0035 
0 0.001 0 
0 0 0.0005 
0 0.0025 0.001 
0 0.002 0.002 
0 0 0.001 
0 0.0075 0 
0 0.0015 0 
0 0 0 
0 0.0005 0 
0 0 0 
0 0.0015 0 
0 0.0005 0.001 
0 0.002 0.0005 
0 0.001 0.0005 
0 0.001 0.0005 
0 0.0015 0.0005 
0 0 0.002 
0 0 0.001 
0 0 0 
0 0 0 
0 0 0 
0 0 0 
0 0 0.0005 
0 0 0.0015 
0 0.0005 0.0005 
0 0 0.0015 
0 0.006 0 
0 0 0.0025 
0 0.114 0 
0 0 0.0005 
0 0.002 0.0005 
0 0.0005 0.0005 
0 0.0005 0.0015 
0 0 0.0005 
0 0.001 0.0005 
0 0.0015 0.0095 
0 0.007 0.0005 
0 0.0005 0.0015 
0 0.0005 0.011 
0 0.0005 0 
0 0 0 
0 0.006 0 
0 0.0005 0.0015 
0 0.205 0.0475 
0 0.019 0.037 
0 0.001 0.0005 
0 0.0005 0.0015 
0 0.0055 0.0005 
0 0.0005 0.0005 
0 0 0.0035 
0 0.0005 0 
0 0.0005 0.001 
0 0.0005 0.003 
0 0.0005 0 
0 0.001 0.047 
0 0 0 
0 1 0.0025 
0 0.001 0.0005 
0 0.001 0 
0 0 0.001 
0 0.0005 0.0005 
0 0.0005 0.001 
0 0.0005 0.0015 
0 0.001 0.0015 
0 0.0005 0.001 
0 0.0005 0.004 
0 0 0 
0 0 0.001 
0 0.0055 0.001 
0 0 0.0135 
0 0.0015 0.0015 
0 0.002 0 
0 0.001 0.0005 
0 0.003 0.0015 
0 0.0005 0.001 
0 0.001 0 
0 0.0045 0.0015 
0 0.006 0 
0 0.0005 0.0005 
0 0.0005 0.0005 
0 0.001 0.001 
0 0.0005 0.0005 
0 0.0005 0.003 
0 0.001 0.016 
0 0 0.0015 
0 0 0 
0 0.002 0.0005 
0 0 0 
0 0.0005 0.001 
0 0 0.002 
0 0.0005 0.001 
0 0.0015 0 
0 0.0045 0.002 
0 0.001 0 
0 0 0.0005 
0 0.001 0 
0 0 0 
0 0 0.001 
0 0.0025 0 
0 0.001 0.002 
0 0 0.002 
0 0.0005 0.003 
0 0 0.0005 
0 0.0015 0 
0 0.0015 0.0005 
0 0 0 
0 0.0015 0 
0 0 0 
0 0.001 0.055 
0 0 0.005 
0 0.001 0 
0 0.001 0.0005 
0 0.002 0.01 
0 0.0005 0.001 
0 0.0005 0.001 
0 0.0015 0 
0 0.002 0 
0 0.001 0.0005 
0 0.0005 0.017 
0 0 0.0005 
0 0.0015 0.009 
0 0 0.0005 
0 0 0.001 
0 0 0.0005 
0 0.0015 0.0005 
0 0.0175 0 
0 0.0005 0.0005 
0 0 0.0005 
0 0.0005 0.002 
0 0.0475 0 
0 0.004 0.024 
0 0.0015 0.0005 
0 0.0005 0 
0 0.002 0.0005 
0 0.008 0 
0 0 0.012 
0 0 0.001 
0 0 0.001 
0 0.0005 0.0005 
0 0.0075 0 
0 0.0005 0 
0 0 0.0205 
0 0.0025 0.0005 
0 0 0.002 
0 0 0 
0 0 0.0045 
0 0.0005 0 
0 0.0005 0.001 
0 0.001 0.063 
0 0.0215 0 
0 0 0.0005 
0 0.004 0.0015 
0 0.0005 0.0135 
0 0.0005 0 
0 0.0005 0.0045 
0 0.0115 0.001 
0 0 0.0005 
0 0.003 0 
0 0.009 0.0005 
0 0.0075 0.0045 
0 0 0.001 
0 0.0005 0 
0 0.0005 0.0005 
0 0.0005 0.001 
0 0.0015 0.001 
0 0 0.0005 
0 0.001 0.002 
0 0 0 
0 0.0015 0.001 
0 0 0 
0 0.001 0.0025 
0 0.0005 0.0005 
0 0 0.0005 
0 0 0 
0 0.0035 0.0005 
0 0.001 0.0005 
0 0.003 0.0075 
0 0 0.0005 
0 0.0005 0 
0 0.0005 0.0005 
0 0.0005 0.003 
0 0.0005 0 
0 0.0005 0 
0 0.002 0.0085 
0 0.008 0.0005 
0 0 0.0005 
0 0 0.019 
0 0.0005 0.002 
0 0.0005 0.0005 

